2000
0 1
0 2
1 2
1 3
3 4
2 5
2 6
5 7
5 8
1 9
8 10
3 11
10 12
1 13
3 14
7 15
3 16
8 17
2 18
7 19
16 20
1 21
0 22
8 23
8 24
8 25
8 26
16 27
8 28
10 29
7 30
1 31
10 32
5 33
16 34
7 35
21 36
5 37
8 38
8 39
3 40
8 41
8 42
1 43
7 44
25 45
5 46
34 47
8 48
43 49
15 50
8 51
2 52
41 53
43 54
25 55
15 56
8 57
18 58
3 59
22 60
10 61
48 62
43 63
41 64
6 65
64 66
8 67
44 68
8 69
7 70
6 71
70 72
6 73
26 74
52 75
8 76
8 77
16 78
52 79
8 80
35 81
41 82
30 83
63 84
58 85
37 86
26 87
80 88
34 89
70 90
8 91
7 92
8 93
1 94
41 95
8 96
19 97
57 98
41 99
5 100
22 101
62 102
88 103
74 104
8 105
41 106
6 107
18 108
16 109
64 110
63 111
76 112
34 113
3 114
5 115
8 116
43 117
48 118
28 119
49 120
80 121
52 122
8 123
5 124
73 125
61 126
31 127
21 128
1 129
16 130
79 131
101 132
8 133
15 134
10 135
71 136
58 137
2 138
5 139
34 140
18 141
9 142
78 143
2 144
8 145
48 146
48 147
6 148
41 149
26 150
34 151
80 152
137 153
80 154
41 155
8 156
52 157
59 158
1 159
116 160
67 161
125 162
136 163
72 164
1 165
73 166
26 167
160 168
41 169
8 170
129 171
45 172
68 173
6 174
49 175
48 176
29 177
123 178
97 179
8 180
11 181
61 182
176 183
0 184
65 185
8 186
7 187
10 188
2 189
20 190
26 191
133 192
157 193
5 194
83 195
59 196
8 197
166 198
94 199
67 200
52 201
181 202
18 203
54 204
2 205
19 206
15 207
37 208
17 209
2 210
59 211
177 212
176 213
195 214
191 215
59 216
2 217
1 218
80 219
35 220
55 221
1 222
3 223
2 224
216 225
187 226
196 227
46 228
187 229
5 230
2 231
15 232
190 233
147 234
47 235
57 236
8 237
44 238
152 239
190 240
6 241
2 242
5 243
26 244
83 245
216 246
19 247
140 248
43 249
218 250
16 251
27 252
196 253
250 254
46 255
8 256
37 257
7 258
8 259
2 260
245 261
80 262
90 263
25 264
138 265
171 266
151 267
71 268
106 269
68 270
185 271
7 272
196 273
106 274
28 275
48 276
78 277
64 278
235 279
125 280
26 281
158 282
106 283
63 284
2 285
16 286
258 287
6 288
157 289
26 290
30 291
88 292
2 293
46 294
156 295
1 296
152 297
7 298
215 299
0 300
173 301
48 302
6 303
8 304
125 305
160 306
147 307
195 308
47 309
26 310
46 311
61 312
26 313
280 314
48 315
20 316
206 317
64 318
87 319
147 320
5 321
8 322
176 323
90 324
26 325
25 326
19 327
96 328
58 329
63 330
195 331
158 332
192 333
1 334
2 335
34 336
8 337
222 338
8 339
8 340
94 341
62 342
106 343
247 344
193 345
49 346
204 347
5 348
179 349
8 350
20 351
8 352
249 353
68 354
9 355
224 356
255 357
56 358
192 359
6 360
209 361
357 362
247 363
19 364
160 365
2 366
61 367
82 368
7 369
198 370
70 371
2 372
46 373
187 374
70 375
197 376
31 377
19 378
314 379
78 380
38 381
142 382
361 383
215 384
254 385
44 386
322 387
300 388
8 389
160 390
6 391
8 392
57 393
300 394
172 395
26 396
2 397
70 398
325 399
158 400
86 401
41 402
177 403
177 404
80 405
309 406
147 407
337 408
41 409
15 410
229 411
2 412
101 413
270 414
52 415
101 416
389 417
372 418
26 419
8 420
272 421
2 422
125 423
9 424
328 425
180 426
189 427
5 428
216 429
2 430
286 431
109 432
381 433
26 434
316 435
306 436
170 437
48 438
9 439
106 440
427 441
220 442
66 443
8 444
21 445
369 446
8 447
8 448
48 449
78 450
372 451
424 452
374 453
254 454
196 455
152 456
64 457
164 458
5 459
209 460
57 461
308 462
2 463
215 464
208 465
220 466
0 467
249 468
62 469
241 470
130 471
395 472
309 473
245 474
335 475
422 476
24 477
8 478
352 479
392 480
324 481
86 482
122 483
48 484
220 485
189 486
318 487
427 488
57 489
179 490
383 491
315 492
8 493
7 494
467 495
160 496
94 497
0 498
191 499
489 500
1 501
152 502
41 503
79 504
20 505
58 506
482 507
205 508
2 509
2 510
302 511
2 512
233 513
441 514
5 515
196 516
206 517
157 518
434 519
59 520
196 521
405 522
97 523
2 524
467 525
2 526
101 527
417 528
270 529
2 530
181 531
5 532
507 533
160 534
195 535
486 536
187 537
41 538
342 539
116 540
272 541
431 542
57 543
164 544
270 545
64 546
160 547
147 548
255 549
506 550
529 551
41 552
160 553
40 554
33 555
250 556
73 557
459 558
5 559
184 560
8 561
2 562
41 563
237 564
26 565
2 566
152 567
6 568
331 569
480 570
173 571
184 572
8 573
289 574
489 575
315 576
186 577
239 578
201 579
2 580
67 581
508 582
8 583
135 584
80 585
17 586
5 587
216 588
8 589
485 590
30 591
106 592
58 593
173 594
20 595
204 596
256 597
135 598
220 599
226 600
90 601
597 602
44 603
176 604
305 605
462 606
61 607
418 608
190 609
410 610
304 611
504 612
161 613
5 614
344 615
138 616
106 617
548 618
48 619
357 620
93 621
196 622
254 623
206 624
80 625
549 626
430 627
421 628
27 629
125 630
184 631
193 632
338 633
8 634
352 635
196 636
15 637
178 638
285 639
1 640
65 641
131 642
574 643
94 644
5 645
80 646
260 647
426 648
156 649
481 650
184 651
261 652
26 653
469 654
434 655
260 656
427 657
74 658
171 659
305 660
260 661
48 662
160 663
548 664
58 665
25 666
18 667
80 668
651 669
130 670
503 671
64 672
265 673
489 674
8 675
479 676
205 677
243 678
129 679
632 680
7 681
121 682
6 683
145 684
260 685
93 686
433 687
173 688
499 689
46 690
6 691
70 692
123 693
471 694
8 695
191 696
293 697
59 698
259 699
26 700
181 701
12 702
215 703
50 704
506 705
8 706
294 707
8 708
309 709
297 710
140 711
8 712
673 713
2 714
225 715
8 716
606 717
115 718
59 719
26 720
187 721
176 722
520 723
22 724
225 725
418 726
268 727
94 728
313 729
115 730
8 731
561 732
320 733
8 734
336 735
158 736
31 737
270 738
5 739
187 740
187 741
320 742
741 743
8 744
135 745
2 746
20 747
181 748
29 749
641 750
699 751
408 752
538 753
255 754
326 755
441 756
278 757
239 758
124 759
495 760
495 761
2 762
88 763
282 764
34 765
584 766
185 767
252 768
25 769
699 770
351 771
38 772
254 773
26 774
8 775
664 776
41 777
73 778
80 779
610 780
198 781
309 782
374 783
450 784
139 785
2 786
195 787
130 788
255 789
355 790
26 791
25 792
606 793
571 794
250 795
543 796
365 797
517 798
178 799
5 800
171 801
272 802
43 803
105 804
133 805
417 806
11 807
391 808
309 809
270 810
5 811
663 812
206 813
187 814
44 815
22 816
648 817
349 818
8 819
15 820
145 821
179 822
41 823
70 824
748 825
339 826
454 827
57 828
308 829
41 830
469 831
2 832
630 833
189 834
774 835
170 836
836 837
341 838
172 839
46 840
73 841
758 842
8 843
256 844
302 845
26 846
58 847
247 848
10 849
94 850
26 851
138 852
8 853
31 854
41 855
16 856
173 857
790 858
8 859
298 860
81 861
8 862
249 863
433 864
57 865
364 866
43 867
33 868
64 869
198 870
120 871
830 872
145 873
8 874
309 875
144 876
747 877
815 878
396 879
418 880
7 881
2 882
347 883
549 884
866 885
131 886
685 887
646 888
96 889
606 890
820 891
2 892
8 893
7 894
313 895
757 896
124 897
778 898
783 899
494 900
125 901
320 902
663 903
888 904
520 905
512 906
617 907
703 908
8 909
790 910
202 911
2 912
2 913
752 914
48 915
7 916
2 917
189 918
5 919
8 920
422 921
99 922
434 923
58 924
29 925
130 926
8 927
81 928
19 929
61 930
2 931
638 932
422 933
815 934
315 935
666 936
730 937
860 938
272 939
77 940
2 941
61 942
8 943
179 944
1 945
911 946
59 947
12 948
563 949
152 950
5 951
1 952
7 953
196 954
582 955
706 956
946 957
529 958
88 959
598 960
2 961
239 962
16 963
44 964
548 965
218 966
87 967
1 968
154 969
19 970
58 971
270 972
106 973
70 974
699 975
74 976
206 977
528 978
539 979
64 980
588 981
971 982
47 983
524 984
941 985
0 986
667 987
425 988
41 989
40 990
279 991
692 992
2 993
468 994
12 995
326 996
834 997
35 998
104 999
25 1000
125 1001
522 1002
818 1003
858 1004
631 1005
527 1006
469 1007
34 1008
47 1009
2 1010
806 1011
535 1012
863 1013
684 1014
651 1015
215 1016
133 1017
193 1018
195 1019
402 1020
252 1021
727 1022
680 1023
165 1024
2 1025
270 1026
152 1027
465 1028
406 1029
916 1030
348 1031
8 1032
46 1033
34 1034
813 1035
725 1036
489 1037
41 1038
790 1039
130 1040
663 1041
73 1042
15 1043
160 1044
2 1045
164 1046
8 1047
552 1048
580 1049
27 1050
135 1051
437 1052
108 1053
151 1054
8 1055
860 1056
7 1057
151 1058
11 1059
63 1060
739 1061
2 1062
41 1063
6 1064
270 1065
855 1066
807 1067
2 1068
445 1069
0 1070
411 1071
221 1072
516 1073
0 1074
70 1075
41 1076
972 1077
282 1078
496 1079
917 1080
142 1081
2 1082
8 1083
545 1084
171 1085
656 1086
8 1087
419 1088
28 1089
111 1090
24 1091
1 1092
71 1093
902 1094
173 1095
11 1096
2 1097
908 1098
276 1099
120 1100
548 1101
588 1102
6 1103
0 1104
50 1105
41 1106
80 1107
224 1108
8 1109
676 1110
752 1111
512 1112
70 1113
422 1114
748 1115
13 1116
974 1117
70 1118
132 1119
858 1120
48 1121
26 1122
610 1123
364 1124
395 1125
121 1126
644 1127
80 1128
78 1129
8 1130
551 1131
766 1132
593 1133
323 1134
402 1135
522 1136
8 1137
80 1138
22 1139
391 1140
270 1141
638 1142
20 1143
0 1144
158 1145
646 1146
1145 1147
179 1148
160 1149
694 1150
178 1151
1010 1152
580 1153
611 1154
335 1155
684 1156
254 1157
42 1158
197 1159
2 1160
1 1161
34 1162
710 1163
1097 1164
771 1165
267 1166
870 1167
904 1168
164 1169
992 1170
48 1171
941 1172
445 1173
44 1174
422 1175
427 1176
1164 1177
430 1178
834 1179
784 1180
252 1181
585 1182
391 1183
775 1184
854 1185
239 1186
1056 1187
346 1188
61 1189
73 1190
630 1191
784 1192
326 1193
463 1194
806 1195
617 1196
21 1197
588 1198
2 1199
720 1200
258 1201
1014 1202
2 1203
441 1204
8 1205
206 1206
1028 1207
5 1208
374 1209
227 1210
415 1211
78 1212
125 1213
916 1214
528 1215
0 1216
3 1217
25 1218
179 1219
8 1220
566 1221
184 1222
473 1223
88 1224
234 1225
872 1226
1197 1227
165 1228
69 1229
785 1230
303 1231
41 1232
907 1233
1153 1234
718 1235
143 1236
905 1237
5 1238
220 1239
2 1240
690 1241
1 1242
3 1243
1131 1244
10 1245
1145 1246
450 1247
1029 1248
774 1249
376 1250
422 1251
26 1252
41 1253
440 1254
890 1255
187 1256
1198 1257
54 1258
815 1259
781 1260
551 1261
681 1262
8 1263
112 1264
319 1265
74 1266
268 1267
1083 1268
338 1269
431 1270
1261 1271
198 1272
124 1273
639 1274
905 1275
158 1276
469 1277
938 1278
59 1279
65 1280
35 1281
30 1282
295 1283
1034 1284
26 1285
1123 1286
106 1287
163 1288
334 1289
8 1290
0 1291
507 1292
994 1293
195 1294
1122 1295
106 1296
274 1297
373 1298
58 1299
97 1300
158 1301
294 1302
35 1303
91 1304
323 1305
121 1306
1009 1307
512 1308
270 1309
114 1310
0 1311
318 1312
186 1313
410 1314
1090 1315
26 1316
875 1317
924 1318
422 1319
369 1320
1021 1321
52 1322
535 1323
1305 1324
255 1325
530 1326
300 1327
59 1328
37 1329
449 1330
241 1331
618 1332
1204 1333
1171 1334
72 1335
135 1336
496 1337
27 1338
1185 1339
179 1340
860 1341
112 1342
298 1343
80 1344
215 1345
469 1346
250 1347
519 1348
893 1349
40 1350
401 1351
1180 1352
547 1353
43 1354
310 1355
578 1356
160 1357
964 1358
125 1359
603 1360
59 1361
2 1362
714 1363
1011 1364
983 1365
387 1366
8 1367
250 1368
1196 1369
509 1370
277 1371
342 1372
561 1373
8 1374
158 1375
0 1376
1312 1377
57 1378
2 1379
974 1380
850 1381
820 1382
1 1383
1348 1384
879 1385
389 1386
1270 1387
392 1388
1348 1389
819 1390
440 1391
809 1392
55 1393
91 1394
260 1395
362 1396
1326 1397
26 1398
991 1399
1052 1400
156 1401
219 1402
58 1403
528 1404
710 1405
25 1406
150 1407
1153 1408
561 1409
392 1410
415 1411
299 1412
1175 1413
59 1414
310 1415
1340 1416
341 1417
923 1418
135 1419
1195 1420
147 1421
8 1422
1004 1423
453 1424
111 1425
334 1426
5 1427
2 1428
177 1429
722 1430
1168 1431
1026 1432
8 1433
130 1434
1133 1435
1345 1436
0 1437
28 1438
588 1439
358 1440
1342 1441
968 1442
106 1443
120 1444
184 1445
0 1446
6 1447
1078 1448
1182 1449
530 1450
2 1451
88 1452
391 1453
1370 1454
88 1455
184 1456
34 1457
774 1458
876 1459
46 1460
507 1461
547 1462
189 1463
73 1464
1346 1465
139 1466
280 1467
494 1468
1392 1469
504 1470
358 1471
135 1472
254 1473
618 1474
152 1475
1331 1476
920 1477
411 1478
402 1479
145 1480
544 1481
115 1482
1153 1483
1065 1484
286 1485
487 1486
187 1487
187 1488
535 1489
59 1490
187 1491
270 1492
130 1493
1348 1494
254 1495
1268 1496
543 1497
1429 1498
306 1499
294 1500
106 1501
320 1502
323 1503
1011 1504
303 1505
26 1506
544 1507
851 1508
285 1509
365 1510
1382 1511
778 1512
64 1513
179 1514
1130 1515
666 1516
106 1517
158 1518
1 1519
979 1520
8 1521
1168 1522
125 1523
337 1524
241 1525
391 1526
393 1527
663 1528
393 1529
1332 1530
255 1531
104 1532
19 1533
26 1534
91 1535
611 1536
1347 1537
1339 1538
1078 1539
8 1540
234 1541
172 1542
1185 1543
935 1544
73 1545
545 1546
933 1547
580 1548
147 1549
8 1550
53 1551
681 1552
31 1553
67 1554
701 1555
2 1556
902 1557
482 1558
1112 1559
38 1560
1162 1561
878 1562
173 1563
1162 1564
1450 1565
105 1566
335 1567
618 1568
7 1569
519 1570
30 1571
106 1572
2 1573
1004 1574
91 1575
1083 1576
226 1577
916 1578
26 1579
106 1580
0 1581
1537 1582
1161 1583
184 1584
298 1585
57 1586
392 1587
461 1588
785 1589
119 1590
374 1591
37 1592
607 1593
357 1594
42 1595
117 1596
1387 1597
662 1598
364 1599
26 1600
73 1601
1204 1602
785 1603
28 1604
8 1605
57 1606
286 1607
237 1608
5 1609
1219 1610
8 1611
169 1612
790 1613
829 1614
8 1615
472 1616
35 1617
1373 1618
917 1619
8 1620
920 1621
418 1622
27 1623
192 1624
187 1625
130 1626
18 1627
1188 1628
1032 1629
671 1630
218 1631
183 1632
520 1633
50 1634
1281 1635
332 1636
241 1637
0 1638
1145 1639
551 1640
5 1641
1512 1642
1365 1643
71 1644
1214 1645
1404 1646
646 1647
48 1648
8 1649
894 1650
686 1651
1487 1652
190 1653
37 1654
180 1655
322 1656
223 1657
665 1658
1412 1659
387 1660
565 1661
7 1662
195 1663
63 1664
1586 1665
315 1666
715 1667
0 1668
2 1669
507 1670
254 1671
84 1672
357 1673
21 1674
440 1675
1124 1676
694 1677
1269 1678
1647 1679
293 1680
214 1681
595 1682
1095 1683
5 1684
198 1685
996 1686
588 1687
204 1688
16 1689
923 1690
106 1691
1270 1692
94 1693
392 1694
212 1695
224 1696
719 1697
5 1698
8 1699
218 1700
546 1701
541 1702
681 1703
850 1704
1157 1705
733 1706
545 1707
130 1708
1153 1709
2 1710
808 1711
1490 1712
43 1713
790 1714
158 1715
744 1716
894 1717
1438 1718
424 1719
615 1720
8 1721
238 1722
401 1723
992 1724
1376 1725
371 1726
216 1727
1633 1728
58 1729
69 1730
8 1731
44 1732
1442 1733
433 1734
1565 1735
2 1736
489 1737
1041 1738
607 1739
487 1740
145 1741
35 1742
253 1743
331 1744
365 1745
1419 1746
265 1747
346 1748
8 1749
364 1750
250 1751
1521 1752
1286 1753
1133 1754
935 1755
8 1756
808 1757
196 1758
836 1759
216 1760
854 1761
19 1762
5 1763
1241 1764
8 1765
1111 1766
41 1767
24 1768
845 1769
65 1770
608 1771
1274 1772
7 1773
1253 1774
1168 1775
267 1776
1257 1777
358 1778
529 1779
206 1780
1373 1781
187 1782
303 1783
57 1784
204 1785
8 1786
8 1787
56 1788
8 1789
1171 1790
192 1791
480 1792
1131 1793
241 1794
1362 1795
1692 1796
116 1797
242 1798
1018 1799
254 1800
189 1801
773 1802
560 1803
106 1804
147 1805
184 1806
381 1807
1097 1808
1155 1809
256 1810
106 1811
94 1812
1809 1813
93 1814
1 1815
743 1816
2 1817
1197 1818
295 1819
988 1820
402 1821
150 1822
242 1823
671 1824
416 1825
481 1826
237 1827
750 1828
191 1829
165 1830
544 1831
888 1832
986 1833
2 1834
840 1835
1541 1836
44 1837
774 1838
117 1839
173 1840
62 1841
19 1842
775 1843
692 1844
2 1845
195 1846
907 1847
18 1848
473 1849
413 1850
383 1851
59 1852
402 1853
632 1854
106 1855
1450 1856
1755 1857
785 1858
539 1859
668 1860
1216 1861
481 1862
493 1863
242 1864
255 1865
8 1866
24 1867
125 1868
7 1869
802 1870
177 1871
267 1872
890 1873
96 1874
44 1875
848 1876
1180 1877
981 1878
1418 1879
41 1880
580 1881
1042 1882
563 1883
133 1884
1018 1885
1856 1886
469 1887
1765 1888
1390 1889
181 1890
628 1891
1116 1892
57 1893
1062 1894
469 1895
1694 1896
391 1897
1780 1898
94 1899
1239 1900
577 1901
203 1902
106 1903
389 1904
1028 1905
348 1906
135 1907
33 1908
2 1909
630 1910
3 1911
1785 1912
152 1913
243 1914
8 1915
309 1916
260 1917
831 1918
1066 1919
57 1920
70 1921
63 1922
254 1923
1106 1924
616 1925
57 1926
1674 1927
26 1928
1116 1929
197 1930
1570 1931
393 1932
447 1933
158 1934
1534 1935
549 1936
195 1937
914 1938
1827 1939
1029 1940
942 1941
438 1942
722 1943
2 1944
168 1945
329 1946
666 1947
152 1948
5 1949
1031 1950
12 1951
1251 1952
52 1953
1168 1954
196 1955
103 1956
26 1957
1346 1958
160 1959
94 1960
407 1961
35 1962
1731 1963
620 1964
477 1965
866 1966
1823 1967
106 1968
6 1969
1894 1970
1270 1971
1833 1972
41 1973
158 1974
1681 1975
24 1976
27 1977
1743 1978
1682 1979
1347 1980
687 1981
713 1982
1750 1983
602 1984
806 1985
424 1986
551 1987
1363 1988
197 1989
606 1990
459 1991
2 1992
194 1993
115 1994
1338 1995
391 1996
1481 1997
365 1998
1968 1999
