2000
0 1
0 2
1 2
0 3
1 3
2 3
0 4
1 4
2 4
3 4
1 5
3 5
1 6
5 6
3 7
5 7
3 8
1 8
4 9
3 9
3 10
2 10
6 11
2 11
1 12
4 12
2 13
6 13
13 14
1 14
7 15
4 15
4 16
5 16
1 17
4 17
3 18
5 18
3 19
8 19
18 20
3 20
1 21
19 21
18 22
13 22
22 23
20 23
0 24
1 24
13 25
5 25
22 26
5 26
21 27
6 27
8 28
11 28
22 29
1 29
1 30
29 30
6 31
5 31
8 32
0 32
2 33
23 33
3 34
22 34
30 35
12 35
4 36
34 36
8 37
10 37
13 38
0 38
2 39
4 39
19 40
37 40
4 41
29 41
2 42
6 42
41 43
15 43
3 44
32 44
8 45
17 45
9 46
7 46
32 47
22 47
28 48
8 48
22 49
1 49
30 50
22 50
26 51
1 51
20 52
21 52
8 53
6 53
18 54
0 54
7 55
23 55
17 56
4 56
21 57
17 57
20 58
5 58
2 59
1 59
6 60
20 60
35 61
4 61
32 62
11 62
62 63
16 63
33 64
8 64
10 65
53 65
18 66
9 66
1 67
65 67
41 68
21 68
14 69
5 69
23 70
12 70
46 71
41 71
64 72
13 72
61 73
21 73
24 74
5 74
8 75
73 75
21 76
41 76
35 77
34 77
20 78
22 78
35 79
3 79
18 80
7 80
72 81
21 81
5 82
4 82
4 83
3 83
28 84
30 84
21 85
6 85
9 86
41 86
18 87
14 87
26 88
2 88
21 89
28 89
16 90
28 90
45 91
22 91
7 92
29 92
60 93
1 93
0 94
1 94
1 95
53 95
26 96
29 96
44 97
86 97
19 98
1 98
53 99
19 99
16 100
13 100
7 101
22 101
57 102
93 102
1 103
23 103
2 104
91 104
23 105
3 105
1 106
28 106
6 107
2 107
0 108
7 108
0 109
59 109
101 110
40 110
3 111
44 111
4 112
60 112
39 113
103 113
53 114
1 114
11 115
61 115
12 116
45 116
23 117
4 117
115 118
20 118
3 119
39 119
8 120
1 120
45 121
20 121
4 122
3 122
1 123
2 123
17 124
29 124
21 125
51 125
52 126
21 126
0 127
26 127
4 128
23 128
5 129
8 129
71 130
51 130
91 131
4 131
115 132
8 132
92 133
20 133
1 134
55 134
69 135
18 135
92 136
13 136
1 137
68 137
3 138
15 138
126 139
21 139
0 140
25 140
4 141
21 141
50 142
69 142
6 143
13 143
5 144
93 144
47 145
94 145
26 146
4 146
8 147
105 147
95 148
122 148
70 149
11 149
22 150
10 150
79 151
85 151
8 152
117 152
18 153
76 153
3 154
120 154
93 155
21 155
26 156
139 156
32 157
120 157
46 158
8 158
94 159
2 159
99 160
51 160
22 161
7 161
134 162
28 162
59 163
53 163
114 164
14 164
5 165
27 165
86 166
8 166
13 167
16 167
95 168
18 168
93 169
1 169
20 170
1 170
8 171
44 171
9 172
112 172
153 173
13 173
8 174
21 174
74 175
39 175
13 176
70 176
6 177
22 177
5 178
15 178
88 179
2 179
74 180
33 180
26 181
13 181
181 182
3 182
20 183
43 183
37 184
12 184
3 185
27 185
47 186
69 186
2 187
68 187
1 188
48 188
183 189
21 189
44 190
45 190
29 191
67 191
41 192
4 192
46 193
121 193
61 194
26 194
30 195
49 195
17 196
39 196
113 197
29 197
46 198
83 198
4 199
16 199
103 200
134 200
22 201
140 201
70 202
91 202
5 203
16 203
150 204
4 204
72 205
119 205
53 206
23 206
1 207
86 207
172 208
157 208
0 209
7 209
30 210
4 210
15 211
2 211
2 212
20 212
193 213
115 213
93 214
189 214
162 215
37 215
2 216
178 216
128 217
54 217
102 218
62 218
86 219
50 219
14 220
27 220
26 221
27 221
99 222
137 222
91 223
70 223
89 224
17 224
93 225
23 225
134 226
21 226
28 227
186 227
128 228
29 228
33 229
139 229
19 230
222 230
4 231
86 231
22 232
8 232
1 233
230 233
4 234
21 234
1 235
7 235
107 236
3 236
28 237
7 237
32 238
51 238
22 239
205 239
7 240
1 240
7 241
28 241
14 242
4 242
72 243
0 243
15 244
203 244
42 245
108 245
3 246
61 246
5 247
7 247
111 248
7 248
93 249
139 249
18 250
39 250
95 251
5 251
137 252
19 252
163 253
85 253
20 254
130 254
128 255
181 255
124 256
40 256
48 257
15 257
190 258
32 258
121 259
203 259
5 260
3 260
59 261
39 261
159 262
146 262
106 263
19 263
4 264
248 264
115 265
233 265
131 266
87 266
247 267
69 267
17 268
16 268
4 269
3 269
3 270
2 270
181 271
79 271
3 272
247 272
34 273
13 273
19 274
15 274
28 275
9 275
140 276
72 276
233 277
7 277
8 278
250 278
1 279
5 279
126 280
94 280
258 281
44 281
75 282
26 282
0 283
69 283
72 284
182 284
4 285
214 285
17 286
27 286
7 287
70 287
99 288
4 288
151 289
47 289
53 290
8 290
76 291
153 291
3 292
210 292
26 293
22 293
76 294
35 294
47 295
130 295
7 296
232 296
95 297
157 297
8 298
115 298
88 299
1 299
193 300
159 300
30 301
7 301
229 302
102 302
257 303
51 303
3 304
115 304
140 305
40 305
69 306
67 306
59 307
263 307
5 308
22 308
142 309
170 309
121 310
15 310
141 311
96 311
85 312
168 312
71 313
290 313
202 314
35 314
177 315
112 315
307 316
76 316
9 317
273 317
4 318
69 318
134 319
121 319
6 320
3 320
96 321
68 321
26 322
18 322
7 323
11 323
34 324
159 324
41 325
277 325
121 326
83 326
248 327
162 327
251 328
37 328
42 329
230 329
5 330
2 330
45 331
88 331
87 332
48 332
4 333
31 333
63 334
237 334
83 335
111 335
69 336
101 336
32 337
20 337
5 338
182 338
13 339
93 339
72 340
122 340
158 341
267 341
198 342
297 342
278 343
69 343
53 344
47 344
32 345
0 345
333 346
99 346
268 347
162 347
234 348
26 348
237 349
20 349
287 350
39 350
302 351
326 351
280 352
121 352
139 353
68 353
59 354
35 354
3 355
294 355
0 356
69 356
46 357
247 357
166 358
2 358
22 359
5 359
22 360
120 360
1 361
255 361
141 362
8 362
34 363
1 363
4 364
64 364
46 365
8 365
22 366
72 366
329 367
299 367
124 368
66 368
7 369
28 369
308 370
115 370
284 371
275 371
239 372
130 372
3 373
8 373
277 374
335 374
221 375
1 375
113 376
277 376
74 377
346 377
112 378
194 378
45 379
140 379
279 380
192 380
122 381
120 381
149 382
129 382
20 383
280 383
69 384
1 384
222 385
26 385
308 386
0 386
309 387
266 387
108 388
113 388
120 389
96 389
113 390
185 390
87 391
39 391
247 392
22 392
227 393
88 393
60 394
121 394
18 395
5 395
18 396
225 396
304 397
6 397
22 398
3 398
316 399
34 399
4 400
222 400
1 401
229 401
370 402
20 402
1 403
18 403
39 404
11 404
377 405
79 405
214 406
77 406
288 407
329 407
53 408
205 408
377 409
0 409
186 410
26 410
390 411
111 411
347 412
32 412
41 413
240 413
7 414
21 414
405 415
257 415
117 416
341 416
210 417
4 417
230 418
400 418
384 419
44 419
313 420
312 420
69 421
59 421
346 422
343 422
8 423
225 423
30 424
8 424
134 425
79 425
32 426
5 426
16 427
287 427
6 428
286 428
274 429
91 429
134 430
89 430
418 431
28 431
342 432
22 432
79 433
70 433
15 434
39 434
370 435
348 435
35 436
432 436
407 437
72 437
300 438
22 438
253 439
217 439
15 440
35 440
437 441
323 441
265 442
45 442
71 443
85 443
55 444
16 444
20 445
416 445
183 446
9 446
40 447
299 447
111 448
195 448
219 449
45 449
164 450
240 450
191 451
89 451
215 452
28 452
194 453
69 453
69 454
400 454
4 455
183 455
6 456
25 456
20 457
225 457
227 458
317 458
335 459
416 459
23 460
437 460
11 461
255 461
15 462
233 462
446 463
145 463
7 464
288 464
64 465
299 465
139 466
134 466
101 467
248 467
193 468
21 468
409 469
164 469
162 470
120 470
225 471
303 471
161 472
284 472
113 473
124 473
44 474
296 474
463 475
64 475
4 476
104 476
93 477
1 477
22 478
55 478
446 479
128 479
94 480
307 480
167 481
419 481
277 482
439 482
387 483
340 483
121 484
210 484
180 485
407 485
6 486
242 486
430 487
4 487
271 488
416 488
323 489
4 489
23 490
5 490
117 491
49 491
18 492
22 492
251 493
121 493
427 494
230 494
135 495
112 495
251 496
400 496
18 497
22 497
400 498
115 498
1 499
3 499
196 500
30 500
128 501
22 501
3 502
30 502
45 503
207 503
21 504
188 504
435 505
79 505
195 506
55 506
163 507
146 507
491 508
345 508
418 509
30 509
115 510
340 510
261 511
22 511
139 512
29 512
177 513
456 513
186 514
60 514
4 515
248 515
1 516
501 516
479 517
237 517
52 518
456 518
166 519
87 519
464 520
15 520
4 521
229 521
79 522
74 522
41 523
384 523
69 524
107 524
82 525
60 525
4 526
140 526
67 527
442 527
4 528
267 528
5 529
63 529
168 530
32 530
13 531
503 531
379 532
165 532
353 533
23 533
449 534
224 534
333 535
86 535
14 536
111 536
111 537
230 537
91 538
509 538
69 539
22 539
20 540
468 540
428 541
19 541
218 542
14 542
21 543
428 543
123 544
91 544
120 545
544 545
18 546
4 546
26 547
181 547
4 548
3 548
359 549
5 549
194 550
139 550
474 551
399 551
5 552
237 552
312 553
2 553
480 554
17 554
353 555
4 555
417 556
419 556
18 557
498 557
155 558
448 558
10 559
421 559
135 560
40 560
113 561
21 561
485 562
60 562
19 563
99 563
66 564
61 564
20 565
239 565
210 566
1 566
332 567
230 567
4 568
153 568
61 569
16 569
406 570
135 570
430 571
23 571
470 572
3 572
68 573
251 573
1 574
569 574
83 575
121 575
87 576
8 576
405 577
520 577
4 578
76 578
555 579
22 579
0 580
138 580
411 581
569 581
533 582
219 582
421 583
570 583
142 584
13 584
168 585
505 585
323 586
139 586
5 587
301 587
335 588
460 588
190 589
147 589
278 590
333 590
21 591
417 591
39 592
384 592
28 593
180 593
28 594
175 594
451 595
452 595
357 596
287 596
5 597
403 597
1 598
330 598
61 599
52 599
102 600
409 600
28 601
2 601
19 602
598 602
227 603
3 603
178 604
23 604
7 605
238 605
26 606
565 606
419 607
196 607
3 608
524 608
409 609
312 609
557 610
209 610
59 611
18 611
13 612
317 612
45 613
28 613
128 614
468 614
2 615
39 615
277 616
456 616
265 617
86 617
70 618
13 618
483 619
1 619
495 620
372 620
140 621
421 621
183 622
5 622
40 623
99 623
15 624
315 624
23 625
589 625
436 626
412 626
126 627
603 627
52 628
40 628
210 629
105 629
0 630
370 630
21 631
619 631
83 632
68 632
291 633
548 633
592 634
374 634
518 635
326 635
462 636
8 636
34 637
159 637
133 638
491 638
22 639
326 639
5 640
1 640
13 641
161 641
91 642
35 642
614 643
3 643
143 644
135 644
74 645
175 645
76 646
282 646
194 647
362 647
137 648
96 648
458 649
386 649
316 650
264 650
27 651
28 651
101 652
44 652
5 653
102 653
19 654
120 654
333 655
69 655
386 656
475 656
3 657
14 657
289 658
72 658
72 659
217 659
159 660
13 660
91 661
415 661
8 662
42 662
111 663
400 663
23 664
2 664
224 665
11 665
592 666
338 666
16 667
15 667
28 668
19 668
162 669
115 669
350 670
176 670
19 671
179 671
32 672
247 672
32 673
161 673
381 674
227 674
400 675
219 675
7 676
464 676
0 677
321 677
37 678
301 678
225 679
643 679
16 680
29 680
132 681
55 681
67 682
497 682
182 683
443 683
16 684
4 684
5 685
69 685
6 686
143 686
251 687
257 687
23 688
221 688
15 689
646 689
277 690
101 690
150 691
144 691
32 692
558 692
128 693
456 693
163 694
6 694
3 695
87 695
18 696
618 696
4 697
430 697
226 698
377 698
128 699
601 699
175 700
441 700
22 701
578 701
3 702
0 702
379 703
515 703
374 704
495 704
602 705
166 705
263 706
222 706
313 707
614 707
61 708
491 708
75 709
21 709
46 710
9 710
683 711
470 711
100 712
302 712
221 713
66 713
703 714
251 714
79 715
5 715
53 716
187 716
265 717
59 717
3 718
13 718
483 719
72 719
87 720
691 720
20 721
187 721
7 722
15 722
614 723
108 723
18 724
697 724
7 725
272 725
522 726
701 726
121 727
3 727
419 728
93 728
639 729
31 729
123 730
8 730
624 731
163 731
113 732
2 732
469 733
22 733
315 734
6 734
165 735
718 735
158 736
652 736
96 737
238 737
224 738
64 738
270 739
259 739
511 740
13 740
1 741
286 741
407 742
33 742
306 743
69 743
495 744
303 744
31 745
168 745
175 746
312 746
315 747
72 747
608 748
82 748
265 749
234 749
526 750
163 750
50 751
41 751
181 752
35 752
105 753
405 753
597 754
267 754
50 755
146 755
35 756
5 756
4 757
576 757
601 758
14 758
189 759
5 759
92 760
32 760
32 761
495 761
717 762
456 762
659 763
39 763
505 764
318 764
20 765
254 765
510 766
229 766
594 767
224 767
707 768
258 768
225 769
182 769
140 770
1 770
2 771
1 771
700 772
308 772
35 773
232 773
142 774
322 774
88 775
157 775
186 776
760 776
45 777
75 777
165 778
485 778
233 779
8 779
4 780
703 780
23 781
237 781
383 782
49 782
280 783
526 783
248 784
28 784
597 785
166 785
23 786
537 786
581 787
630 787
199 788
598 788
721 789
732 789
488 790
649 790
203 791
605 791
678 792
546 792
46 793
26 793
1 794
7 794
309 795
322 795
572 796
25 796
531 797
418 797
316 798
1 798
191 799
29 799
159 800
742 800
442 801
536 801
76 802
637 802
261 803
15 803
119 804
462 804
423 805
221 805
198 806
83 806
73 807
5 807
651 808
297 808
495 809
477 809
4 810
40 810
407 811
22 811
109 812
93 812
9 813
415 813
569 814
456 814
412 815
108 815
414 816
35 816
333 817
565 817
470 818
0 818
816 819
512 819
519 820
286 820
39 821
4 821
17 822
354 822
218 823
96 823
2 824
39 824
316 825
506 825
194 826
442 826
580 827
418 827
17 828
520 828
11 829
430 829
299 830
7 830
733 831
22 831
526 832
415 832
435 833
235 833
462 834
700 834
418 835
393 835
11 836
53 836
624 837
306 837
688 838
49 838
76 839
589 839
665 840
161 840
44 841
21 841
724 842
207 842
7 843
462 843
204 844
384 844
796 845
46 845
3 846
674 846
35 847
6 847
738 848
4 848
466 849
60 849
226 850
111 850
111 851
139 851
3 852
589 852
463 853
347 853
0 854
6 854
23 855
400 855
267 856
343 856
74 857
55 857
548 858
5 858
114 859
430 859
304 860
150 860
853 861
309 861
468 862
318 862
323 863
550 863
14 864
300 864
611 865
242 865
427 866
531 866
28 867
191 867
45 868
135 868
251 869
293 869
87 870
13 870
159 871
32 871
244 872
481 872
552 873
492 873
284 874
82 874
46 875
166 875
183 876
28 876
265 877
32 877
4 878
79 878
703 879
183 879
347 880
137 880
6 881
124 881
91 882
88 882
1 883
483 883
300 884
5 884
233 885
377 885
721 886
691 886
445 887
91 887
172 888
33 888
28 889
784 889
678 890
580 890
456 891
21 891
622 892
112 892
91 893
468 893
28 894
477 894
318 895
251 895
555 896
207 896
717 897
282 897
405 898
159 898
5 899
632 899
39 900
418 900
160 901
207 901
256 902
714 902
62 903
510 903
117 904
4 904
27 905
9 905
28 906
19 906
0 907
875 907
37 908
647 908
624 909
169 909
346 910
565 910
166 911
87 911
614 912
435 912
188 913
322 913
1 914
516 914
768 915
741 915
30 916
899 916
121 917
316 917
29 918
419 918
217 919
26 919
249 920
39 920
33 921
892 921
227 922
2 922
525 923
908 923
152 924
477 924
203 925
19 925
33 926
625 926
363 927
644 927
813 928
39 928
847 929
40 929
211 930
838 930
372 931
477 931
531 932
28 932
72 933
724 933
237 934
149 934
73 935
58 935
419 936
449 936
475 937
832 937
491 938
141 938
91 939
29 939
32 940
398 940
109 941
281 941
1 942
252 942
107 943
294 943
416 944
93 944
534 945
5 945
32 946
343 946
234 947
877 947
469 948
168 948
498 949
629 949
13 950
6 950
342 951
435 951
326 952
139 952
333 953
819 953
738 954
498 954
0 955
383 955
737 956
139 956
2 957
428 957
9 958
240 958
22 959
4 959
39 960
26 960
458 961
637 961
0 962
253 962
421 963
147 963
783 964
8 964
161 965
446 965
3 966
665 966
760 967
670 967
475 968
22 968
316 969
1 969
569 970
386 970
32 971
593 971
523 972
91 972
326 973
18 973
437 974
430 974
224 975
6 975
26 976
0 976
74 977
886 977
419 978
596 978
138 979
708 979
22 980
88 980
663 981
250 981
274 982
421 982
248 983
82 983
93 984
17 984
48 985
35 985
613 986
486 986
1 987
112 987
2 988
264 988
277 989
42 989
31 990
5 990
268 991
22 991
454 992
624 992
285 993
3 993
230 994
91 994
145 995
312 995
120 996
159 996
491 997
30 997
421 998
156 998
505 999
303 999
111 1000
35 1000
916 1001
5 1001
69 1002
908 1002
45 1003
3 1003
932 1004
526 1004
28 1005
415 1005
53 1006
510 1006
76 1007
149 1007
352 1008
162 1008
13 1009
735 1009
415 1010
370 1010
4 1011
935 1011
524 1012
1 1012
479 1013
463 1013
353 1014
140 1014
721 1015
939 1015
166 1016
225 1016
116 1017
319 1017
23 1018
106 1018
95 1019
34 1019
427 1020
7 1020
44 1021
42 1021
739 1022
125 1022
226 1023
504 1023
842 1024
139 1024
699 1025
743 1025
317 1026
415 1026
906 1027
342 1027
556 1028
299 1028
543 1029
45 1029
702 1030
205 1030
117 1031
35 1031
321 1032
121 1032
252 1033
612 1033
167 1034
160 1034
589 1035
754 1035
1 1036
527 1036
107 1037
229 1037
238 1038
93 1038
761 1039
92 1039
533 1040
21 1040
586 1041
574 1041
360 1042
665 1042
691 1043
44 1043
273 1044
1011 1044
67 1045
107 1045
452 1046
333 1046
93 1047
143 1047
5 1048
550 1048
151 1049
4 1049
20 1050
2 1050
21 1051
983 1051
191 1052
217 1052
991 1053
89 1053
6 1054
675 1054
3 1055
109 1055
198 1056
297 1056
1030 1057
142 1057
22 1058
411 1058
221 1059
236 1059
440 1060
322 1060
21 1061
218 1061
302 1062
858 1062
76 1063
444 1063
91 1064
5 1064
7 1065
280 1065
1022 1066
167 1066
759 1067
744 1067
564 1068
153 1068
323 1069
7 1069
421 1070
16 1070
599 1071
7 1071
664 1072
949 1072
1054 1073
786 1073
3 1074
691 1074
144 1075
208 1075
11 1076
741 1076
791 1077
828 1077
226 1078
143 1078
232 1079
6 1079
217 1080
46 1080
121 1081
22 1081
3 1082
41 1082
26 1083
1 1083
89 1084
121 1084
571 1085
777 1085
1 1086
473 1086
28 1087
1016 1087
45 1088
767 1088
114 1089
470 1089
649 1090
44 1090
76 1091
578 1091
152 1092
45 1092
439 1093
68 1093
7 1094
163 1094
493 1095
3 1095
33 1096
22 1096
225 1097
1031 1097
96 1098
64 1098
10 1099
411 1099
80 1100
893 1100
163 1101
343 1101
1030 1102
65 1102
240 1103
40 1103
66 1104
205 1104
113 1105
80 1105
1018 1106
7 1106
439 1107
1093 1107
183 1108
996 1108
448 1109
28 1109
1011 1110
923 1110
3 1111
896 1111
1049 1112
427 1112
343 1113
24 1113
37 1114
26 1114
685 1115
8 1115
79 1116
351 1116
89 1117
279 1117
419 1118
639 1118
437 1119
232 1119
95 1120
51 1120
20 1121
982 1121
990 1122
287 1122
735 1123
674 1123
898 1124
14 1124
1 1125
777 1125
521 1126
45 1126
70 1127
278 1127
879 1128
452 1128
576 1129
659 1129
34 1130
1013 1130
93 1131
189 1131
70 1132
14 1132
214 1133
364 1133
111 1134
751 1134
581 1135
614 1135
5 1136
2 1136
449 1137
29 1137
752 1138
4 1138
760 1139
1039 1139
1101 1140
5 1140
60 1141
68 1141
7 1142
0 1142
6 1143
829 1143
4 1144
70 1144
312 1145
15 1145
686 1146
23 1146
664 1147
913 1147
84 1148
13 1148
210 1149
147 1149
1133 1150
816 1150
17 1151
8 1151
0 1152
120 1152
576 1153
264 1153
346 1154
989 1154
1055 1155
1 1155
1078 1156
21 1156
560 1157
91 1157
577 1158
152 1158
14 1159
13 1159
614 1160
649 1160
1106 1161
942 1161
963 1162
419 1162
437 1163
217 1163
32 1164
759 1164
121 1165
1105 1165
1 1166
437 1166
260 1167
1139 1167
691 1168
109 1168
537 1169
36 1169
1124 1170
496 1170
603 1171
872 1171
318 1172
460 1172
4 1173
445 1173
282 1174
312 1174
649 1175
828 1175
1 1176
8 1176
387 1177
139 1177
35 1178
67 1178
519 1179
697 1179
691 1180
1144 1180
938 1181
407 1181
5 1182
462 1182
22 1183
15 1183
7 1184
1013 1184
33 1185
577 1185
1150 1186
523 1186
20 1187
908 1187
18 1188
367 1188
441 1189
17 1189
41 1190
113 1190
558 1191
3 1191
46 1192
746 1192
5 1193
1148 1193
391 1194
898 1194
555 1195
597 1195
306 1196
1162 1196
252 1197
704 1197
29 1198
1192 1198
13 1199
1 1199
759 1200
559 1200
26 1201
903 1201
21 1202
802 1202
698 1203
101 1203
1197 1204
307 1204
23 1205
37 1205
595 1206
637 1206
134 1207
410 1207
12 1208
690 1208
359 1209
87 1209
397 1210
836 1210
575 1211
1041 1211
939 1212
1063 1212
139 1213
388 1213
3 1214
1057 1214
4 1215
731 1215
707 1216
516 1216
14 1217
1004 1217
277 1218
348 1218
67 1219
724 1219
211 1220
651 1220
93 1221
21 1221
852 1222
359 1222
967 1223
834 1223
1030 1224
842 1224
8 1225
715 1225
1175 1226
21 1226
550 1227
91 1227
18 1228
1025 1228
1192 1229
257 1229
352 1230
463 1230
989 1231
1175 1231
15 1232
21 1232
678 1233
32 1233
552 1234
832 1234
19 1235
304 1235
752 1236
152 1236
670 1237
352 1237
159 1238
248 1238
1036 1239
131 1239
423 1240
546 1240
919 1241
93 1241
224 1242
117 1242
347 1243
260 1243
11 1244
316 1244
359 1245
861 1245
22 1246
261 1246
313 1247
15 1247
22 1248
448 1248
121 1249
642 1249
608 1250
144 1250
3 1251
162 1251
217 1252
400 1252
692 1253
437 1253
777 1254
691 1254
143 1255
88 1255
94 1256
115 1256
346 1257
22 1257
1086 1258
541 1258
1006 1259
1000 1259
768 1260
61 1260
487 1261
1038 1261
163 1262
2 1262
35 1263
124 1263
871 1264
29 1264
701 1265
1223 1265
23 1266
964 1266
768 1267
410 1267
297 1268
195 1268
5 1269
284 1269
53 1270
64 1270
1016 1271
1013 1271
303 1272
711 1272
964 1273
707 1273
159 1274
67 1274
1043 1275
494 1275
351 1276
496 1276
346 1277
994 1277
5 1278
22 1278
1055 1279
558 1279
13 1280
925 1280
670 1281
192 1281
72 1282
1241 1282
7 1283
23 1283
1 1284
238 1284
297 1285
411 1285
886 1286
1006 1286
931 1287
343 1287
180 1288
1132 1288
277 1289
29 1289
1023 1290
297 1290
415 1291
423 1291
1133 1292
5 1292
845 1293
701 1293
615 1294
263 1294
384 1295
106 1295
20 1296
980 1296
7 1297
675 1297
181 1298
1254 1298
326 1299
956 1299
374 1300
115 1300
738 1301
957 1301
30 1302
1144 1302
225 1303
60 1303
1104 1304
4 1304
195 1305
19 1305
844 1306
342 1306
111 1307
319 1307
1130 1308
163 1308
92 1309
198 1309
809 1310
610 1310
1310 1311
477 1311
680 1312
1069 1312
848 1313
67 1313
144 1314
8 1314
25 1315
588 1315
358 1316
348 1316
240 1317
886 1317
283 1318
520 1318
176 1319
640 1319
88 1320
107 1320
1052 1321
405 1321
21 1322
120 1322
519 1323
367 1323
521 1324
210 1324
419 1325
111 1325
462 1326
59 1326
237 1327
26 1327
215 1328
952 1328
420 1329
113 1329
134 1330
30 1330
1247 1331
651 1331
17 1332
1032 1332
4 1333
708 1333
565 1334
117 1334
892 1335
17 1335
123 1336
499 1336
612 1337
719 1337
667 1338
44 1338
462 1339
42 1339
358 1340
128 1340
303 1341
1091 1341
352 1342
1326 1342
572 1343
1224 1343
479 1344
1242 1344
383 1345
67 1345
491 1346
280 1346
13 1347
486 1347
42 1348
756 1348
326 1349
1218 1349
876 1350
7 1350
1172 1351
1218 1351
204 1352
818 1352
30 1353
750 1353
1307 1354
1075 1354
457 1355
1016 1355
6 1356
886 1356
251 1357
506 1357
1057 1358
952 1358
425 1359
20 1359
961 1360
1326 1360
1309 1361
263 1361
1358 1362
79 1362
409 1363
119 1363
193 1364
830 1364
14 1365
247 1365
335 1366
927 1366
472 1367
1235 1367
675 1368
44 1368
53 1369
295 1369
475 1370
1 1370
162 1371
161 1371
79 1372
111 1372
17 1373
293 1373
1239 1374
1111 1374
360 1375
689 1375
418 1376
893 1376
394 1377
1326 1377
1234 1378
257 1378
970 1379
67 1379
265 1380
1038 1380
52 1381
771 1381
1363 1382
13 1382
730 1383
844 1383
686 1384
731 1384
798 1385
731 1385
1043 1386
284 1386
20 1387
1182 1387
658 1388
977 1388
430 1389
168 1389
1097 1390
814 1390
15 1391
1242 1391
134 1392
492 1392
185 1393
4 1393
13 1394
449 1394
232 1395
45 1395
607 1396
282 1396
20 1397
31 1397
995 1398
117 1398
541 1399
69 1399
1286 1400
1246 1400
373 1401
1096 1401
124 1402
41 1402
81 1403
691 1403
53 1404
1161 1404
1374 1405
153 1405
94 1406
1240 1406
421 1407
652 1407
21 1408
569 1408
437 1409
425 1409
1042 1410
605 1410
150 1411
498 1411
360 1412
774 1412
201 1413
257 1413
18 1414
1036 1414
154 1415
226 1415
395 1416
783 1416
70 1417
421 1417
675 1418
946 1418
250 1419
70 1419
1317 1420
28 1420
934 1421
1280 1421
5 1422
3 1422
1287 1423
297 1423
55 1424
30 1424
10 1425
25 1425
29 1426
600 1426
386 1427
1003 1427
232 1428
6 1428
111 1429
57 1429
16 1430
1095 1430
197 1431
303 1431
76 1432
539 1432
153 1433
435 1433
352 1434
20 1434
274 1435
179 1435
73 1436
1335 1436
54 1437
470 1437
615 1438
834 1438
584 1439
39 1439
29 1440
847 1440
59 1441
1 1441
552 1442
543 1442
892 1443
495 1443
546 1444
45 1444
421 1445
2 1445
287 1446
1358 1446
1188 1447
884 1447
19 1448
167 1448
30 1449
688 1449
1325 1450
1036 1450
1060 1451
1096 1451
261 1452
680 1452
463 1453
1225 1453
1119 1454
384 1454
436 1455
1012 1455
356 1456
1016 1456
1107 1457
1308 1457
378 1458
1075 1458
1436 1459
548 1459
1395 1460
1010 1460
858 1461
916 1461
5 1462
3 1462
935 1463
175 1463
3 1464
446 1464
722 1465
898 1465
32 1466
1047 1466
482 1467
163 1467
360 1468
163 1468
31 1469
589 1469
652 1470
461 1470
301 1471
495 1471
17 1472
1259 1472
556 1473
451 1473
162 1474
1018 1474
8 1475
86 1475
892 1476
240 1476
3 1477
797 1477
107 1478
162 1478
446 1479
173 1479
456 1480
847 1480
161 1481
46 1481
664 1482
627 1482
111 1483
564 1483
780 1484
581 1484
28 1485
68 1485
22 1486
493 1486
18 1487
40 1487
565 1488
30 1488
8 1489
1234 1489
188 1490
767 1490
596 1491
91 1491
4 1492
480 1492
1112 1493
721 1493
923 1494
747 1494
891 1495
906 1495
1276 1496
421 1496
147 1497
353 1497
896 1498
475 1498
745 1499
435 1499
558 1500
287 1500
89 1501
128 1501
1486 1502
895 1502
835 1503
111 1503
1129 1504
452 1504
912 1505
1343 1505
272 1506
147 1506
358 1507
495 1507
1473 1508
604 1508
713 1509
179 1509
312 1510
153 1510
28 1511
230 1511
1372 1512
5 1512
126 1513
1486 1513
322 1514
608 1514
86 1515
1224 1515
6 1516
20 1516
14 1517
592 1517
275 1518
719 1518
62 1519
251 1519
1080 1520
105 1520
144 1521
497 1521
40 1522
373 1522
680 1523
439 1523
1144 1524
599 1524
637 1525
174 1525
40 1526
972 1526
72 1527
1079 1527
67 1528
12 1528
361 1529
678 1529
90 1530
428 1530
969 1531
421 1531
825 1532
26 1532
121 1533
1479 1533
638 1534
26 1534
250 1535
375 1535
205 1536
795 1536
533 1537
111 1537
7 1538
308 1538
573 1539
215 1539
29 1540
1477 1540
435 1541
0 1541
1144 1542
168 1542
1419 1543
267 1543
597 1544
1 1544
23 1545
26 1545
920 1546
39 1546
483 1547
419 1547
15 1548
141 1548
128 1549
5 1549
739 1550
124 1550
1083 1551
198 1551
956 1552
590 1552
0 1553
153 1553
121 1554
224 1554
452 1555
1547 1555
55 1556
339 1556
57 1557
1499 1557
233 1558
580 1558
419 1559
506 1559
1204 1560
31 1560
112 1561
387 1561
5 1562
919 1562
155 1563
750 1563
970 1564
825 1564
250 1565
904 1565
111 1566
602 1566
1068 1567
3 1567
430 1568
5 1568
121 1569
663 1569
294 1570
162 1570
427 1571
37 1571
93 1572
877 1572
108 1573
150 1573
111 1574
158 1574
51 1575
599 1575
32 1576
1391 1576
120 1577
13 1577
797 1578
133 1578
1205 1579
1229 1579
772 1580
10 1580
846 1581
121 1581
4 1582
258 1582
1006 1583
305 1583
253 1584
848 1584
208 1585
45 1585
2 1586
8 1586
32 1587
15 1587
1430 1588
289 1588
259 1589
45 1589
1282 1590
87 1590
491 1591
1017 1591
1 1592
480 1592
1352 1593
197 1593
1232 1594
1013 1594
224 1595
28 1595
45 1596
1499 1596
121 1597
243 1597
21 1598
700 1598
473 1599
13 1599
4 1600
115 1600
1486 1601
183 1601
214 1602
615 1602
581 1603
302 1603
14 1604
259 1604
71 1605
139 1605
168 1606
506 1606
303 1607
544 1607
250 1608
913 1608
425 1609
42 1609
1347 1610
1 1610
142 1611
88 1611
227 1612
279 1612
474 1613
494 1613
675 1614
83 1614
652 1615
439 1615
379 1616
760 1616
405 1617
768 1617
822 1618
335 1618
695 1619
289 1619
1261 1620
848 1620
1069 1621
1 1621
76 1622
230 1622
11 1623
409 1623
37 1624
361 1624
561 1625
839 1625
22 1626
79 1626
1101 1627
106 1627
4 1628
1358 1628
83 1629
3 1629
1594 1630
456 1630
139 1631
1455 1631
1418 1632
486 1632
67 1633
1015 1633
29 1634
86 1634
69 1635
599 1635
568 1636
438 1636
1242 1637
34 1637
193 1638
1259 1638
939 1639
522 1639
1174 1640
111 1640
768 1641
4 1641
277 1642
183 1642
296 1643
1521 1643
6 1644
183 1644
399 1645
483 1645
1305 1646
625 1646
204 1647
44 1647
115 1648
1229 1648
32 1649
526 1649
1221 1650
428 1650
757 1651
89 1651
474 1652
692 1652
1088 1653
124 1653
1436 1654
1009 1654
1311 1655
5 1655
1106 1656
1 1656
116 1657
1121 1657
391 1658
411 1658
465 1659
1500 1659
491 1660
319 1660
20 1661
362 1661
1016 1662
1501 1662
677 1663
1 1663
164 1664
856 1664
175 1665
1229 1665
391 1666
878 1666
19 1667
4 1667
796 1668
449 1668
1082 1669
386 1669
488 1670
419 1670
44 1671
123 1671
428 1672
577 1672
4 1673
302 1673
441 1674
923 1674
77 1675
747 1675
608 1676
152 1676
22 1677
32 1677
1049 1678
147 1678
688 1679
593 1679
6 1680
738 1680
152 1681
47 1681
652 1682
397 1682
839 1683
21 1683
121 1684
12 1684
1323 1685
2 1685
333 1686
1420 1686
1473 1687
632 1687
1665 1688
897 1688
198 1689
278 1689
1501 1690
121 1690
302 1691
1502 1691
1000 1692
1536 1692
1097 1693
32 1693
1 1694
748 1694
21 1695
744 1695
777 1696
977 1696
153 1697
445 1697
668 1698
632 1698
198 1699
168 1699
18 1700
35 1700
499 1701
91 1701
310 1702
161 1702
722 1703
1363 1703
122 1704
624 1704
107 1705
1592 1705
437 1706
22 1706
1101 1707
641 1707
1410 1708
4 1708
77 1709
52 1709
51 1710
219 1710
211 1711
708 1711
1706 1712
1251 1712
28 1713
580 1713
5 1714
1575 1714
884 1715
398 1715
458 1716
828 1716
1401 1717
299 1717
32 1718
1106 1718
1531 1719
628 1719
397 1720
1703 1720
289 1721
376 1721
140 1722
85 1722
578 1723
785 1723
983 1724
932 1724
150 1725
8 1725
5 1726
519 1726
445 1727
2 1727
257 1728
267 1728
162 1729
796 1729
0 1730
506 1730
594 1731
1647 1731
888 1732
2 1732
112 1733
508 1733
92 1734
1616 1734
1440 1735
20 1735
1259 1736
1360 1736
137 1737
1736 1737
442 1738
35 1738
415 1739
338 1739
1047 1740
454 1740
251 1741
250 1741
748 1742
1559 1742
822 1743
205 1743
1436 1744
664 1744
1431 1745
72 1745
1256 1746
230 1746
801 1747
467 1747
1566 1748
1036 1748
1645 1749
5 1749
1674 1750
1557 1750
745 1751
1064 1751
16 1752
1552 1752
1486 1753
355 1753
913 1754
528 1754
135 1755
511 1755
688 1756
577 1756
573 1757
541 1757
303 1758
965 1758
934 1759
3 1759
320 1760
321 1760
585 1761
111 1761
632 1762
627 1762
783 1763
321 1763
260 1764
70 1764
784 1765
35 1765
157 1766
278 1766
6 1767
18 1767
115 1768
22 1768
994 1769
1632 1769
8 1770
157 1770
395 1771
4 1771
1307 1772
420 1772
419 1773
1 1773
524 1774
111 1774
6 1775
774 1775
51 1776
385 1776
38 1777
807 1777
112 1778
91 1778
894 1779
140 1779
192 1780
1663 1780
962 1781
89 1781
442 1782
289 1782
160 1783
523 1783
1115 1784
468 1784
576 1785
1637 1785
76 1786
47 1786
809 1787
474 1787
1 1788
1438 1788
216 1789
55 1789
1779 1790
498 1790
632 1791
18 1791
25 1792
568 1792
253 1793
2 1793
152 1794
1663 1794
828 1795
124 1795
1060 1796
1587 1796
275 1797
227 1797
646 1798
123 1798
141 1799
302 1799
1106 1800
1197 1800
792 1801
1774 1801
857 1802
279 1802
17 1803
1663 1803
1268 1804
1609 1804
596 1805
111 1805
748 1806
1311 1806
67 1807
568 1807
352 1808
1312 1808
67 1809
1124 1809
1676 1810
45 1810
598 1811
23 1811
1132 1812
264 1812
15 1813
1514 1813
685 1814
634 1814
77 1815
121 1815
116 1816
1359 1816
1351 1817
470 1817
910 1818
435 1818
266 1819
919 1819
1 1820
1045 1820
0 1821
1215 1821
507 1822
1067 1822
1531 1823
45 1823
1552 1824
227 1824
1537 1825
426 1825
997 1826
33 1826
15 1827
140 1827
93 1828
261 1828
1181 1829
32 1829
74 1830
89 1830
845 1831
117 1831
11 1832
855 1832
822 1833
18 1833
92 1834
1359 1834
681 1835
1355 1835
1166 1836
1686 1836
1470 1837
51 1837
1102 1838
1228 1838
1551 1839
444 1839
141 1840
1812 1840
39 1841
52 1841
553 1842
18 1842
1227 1843
165 1843
407 1844
192 1844
287 1845
91 1845
331 1846
622 1846
28 1847
1011 1847
731 1848
6 1848
1823 1849
412 1849
10 1850
272 1850
470 1851
12 1851
456 1852
87 1852
285 1853
1069 1853
1464 1854
70 1854
815 1855
29 1855
723 1856
1262 1856
1832 1857
316 1857
168 1858
5 1858
76 1859
360 1859
13 1860
25 1860
62 1861
926 1861
67 1862
767 1862
1519 1863
927 1863
594 1864
805 1864
1205 1865
1 1865
1098 1866
136 1866
496 1867
828 1867
225 1868
89 1868
1273 1869
873 1869
1438 1870
1264 1870
2 1871
1110 1871
1377 1872
490 1872
1737 1873
111 1873
18 1874
3 1874
979 1875
93 1875
1772 1876
73 1876
779 1877
237 1877
279 1878
852 1878
1637 1879
21 1879
20 1880
437 1880
519 1881
491 1881
1779 1882
32 1882
475 1883
22 1883
323 1884
311 1884
1190 1885
16 1885
284 1886
157 1886
13 1887
28 1887
482 1888
193 1888
1400 1889
128 1889
1678 1890
276 1890
265 1891
1025 1891
640 1892
558 1892
981 1893
115 1893
34 1894
15 1894
60 1895
229 1895
1844 1896
456 1896
1052 1897
994 1897
28 1898
733 1898
230 1899
791 1899
931 1900
6 1900
855 1901
284 1901
1393 1902
640 1902
1693 1903
1220 1903
1859 1904
1447 1904
450 1905
70 1905
863 1906
1327 1906
96 1907
767 1907
1181 1908
442 1908
48 1909
446 1909
545 1910
121 1910
812 1911
590 1911
634 1912
1033 1912
676 1913
1575 1913
5 1914
347 1914
371 1915
146 1915
1615 1916
651 1916
511 1917
308 1917
932 1918
716 1918
858 1919
0 1919
523 1920
697 1920
1221 1921
446 1921
872 1922
284 1922
1359 1923
46 1923
919 1924
141 1924
1118 1925
1745 1925
373 1926
1532 1926
901 1927
438 1927
1910 1928
848 1928
323 1929
565 1929
494 1930
347 1930
1 1931
105 1931
1921 1932
32 1932
285 1933
1280 1933
1811 1934
128 1934
1311 1935
72 1935
19 1936
123 1936
68 1937
483 1937
1551 1938
831 1938
649 1939
847 1939
1061 1940
817 1940
267 1941
1227 1941
331 1942
1648 1942
569 1943
70 1943
439 1944
1091 1944
370 1945
1110 1945
233 1946
1495 1946
659 1947
1706 1947
1134 1948
1075 1948
4 1949
1060 1949
352 1950
670 1950
439 1951
18 1951
182 1952
24 1952
1444 1953
736 1953
90 1954
342 1954
72 1955
347 1955
26 1956
39 1956
190 1957
1267 1957
1277 1958
374 1958
28 1959
1257 1959
275 1960
1368 1960
3 1961
59 1961
687 1962
323 1962
134 1963
22 1963
34 1964
12 1964
989 1965
441 1965
280 1966
134 1966
1688 1967
1846 1967
495 1968
68 1968
218 1969
1319 1969
1963 1970
445 1970
165 1971
7 1971
814 1972
1016 1972
392 1973
8 1973
1234 1974
879 1974
474 1975
111 1975
18 1976
338 1976
1208 1977
960 1977
317 1978
164 1978
86 1979
1449 1979
8 1980
316 1980
775 1981
368 1981
308 1982
1558 1982
286 1983
439 1983
21 1984
20 1984
448 1985
238 1985
531 1986
18 1986
2 1987
374 1987
1148 1988
572 1988
1094 1989
376 1989
1373 1990
294 1990
667 1991
1222 1991
712 1992
124 1992
667 1993
144 1993
7 1994
770 1994
894 1995
592 1995
348 1996
623 1996
922 1997
352 1997
572 1998
618 1998
1 1999
627 1999
