2000
28 134
214 236
257 282
18 342
48 356
79 369
104 371
197 403
399 404
379 420
32 440
163 456
15 465
263 472
387 493
268 498
487 540
467 550
8 586
279 634
357 648
48 650
217 671
97 687
385 694
704 750
346 758
404 762
15 813
241 813
339 817
181 851
55 854
79 897
228 940
924 941
519 952
920 959
472 974
130 978
286 990
507 990
103 992
990 1014
16 1018
438 1041
601 1041
95 1048
518 1048
338 1050
386 1070
450 1070
191 1081
73 1093
75 1112
774 1116
339 1118
1037 1122
450 1128
509 1142
1124 1147
419 1156
705 1171
1075 1171
473 1185
608 1190
20 1195
190 1202
1102 1217
878 1230
458 1234
684 1237
742 1238
251 1243
385 1251
1174 1266
959 1267
289 1277
1169 1278
155 1282
554 1317
644 1317
1217 1347
354 1356
1334 1361
593 1371
474 1383
1121 1384
1285 1385
660 1395
941 1397
645 1401
1274 1404
792 1409
928 1414
205 1415
1411 1426
999 1432
1359 1444
816 1453
36 1461
1442 1468
167 1471
780 1486
280 1493
599 1500
1459 1507
112 1518
418 1520
1081 1544
1203 1555
858 1571
918 1608
400 1618
1062 1625
1206 1626
1047 1627
377 1651
1143 1651
1082 1659
1097 1668
1622 1679
1664 1683
883 1686
1351 1687
835 1689
1155 1697
1504 1697
1437 1704
1560 1708
937 1710
1428 1710
1183 1713
1562 1716
1446 1723
988 1725
1085 1727
704 1734
1437 1740
822 1752
1118 1752
1731 1758
662 1762
585 1774
1710 1775
597 1778
1730 1796
193 1801
1148 1801
969 1807
1634 1822
1043 1823
201 1830
499 1848
1826 1851
488 1852
1331 1853
1255 1857
848 1863
508 1865
1758 1869
1360 1870
1476 1876
1356 1877
1284 1890
1652 1891
280 1893
290 1895
1340 1895
1715 1911
1720 1911
1510 1922
165 1925
97 1928
807 1928
570 1930
1692 1932
1505 1941
667 1949
1570 1958
1499 1962
1197 1964
1613 1964
114 1975
356 1977
1010 1984
266 1989
603 1990
1304 1991
848 1994
