2000
11 14
10 21
11 30
25 33
31 46
50 53
50 54
1 61
55 62
18 65
61 70
31 73
63 73
69 76
34 78
54 78
77 78
84 85
62 94
22 96
31 99
38 102
63 102
84 102
81 104
2 108
7 108
82 109
93 109
57 112
110 115
85 121
47 122
67 123
89 123
61 125
42 127
93 131
100 134
67 135
15 137
85 139
28 140
105 140
24 142
4 143
125 144
96 147
54 148
38 149
15 151
140 151
145 151
147 153
26 156
0 157
18 158
103 161
30 164
137 164
96 166
63 168
163 168
100 169
102 169
149 170
58 171
153 171
24 173
61 173
98 173
28 175
119 176
138 176
101 179
16 181
140 181
135 182
5 183
95 183
34 184
49 186
120 187
128 187
169 187
81 189
44 191
48 191
141 193
124 194
113 195
182 197
85 199
105 199
17 200
139 200
15 201
66 201
199 201
28 203
204 205
153 209
163 209
3 210
176 210
187 210
158 212
12 213
65 213
149 214
88 215
52 216
165 218
158 223
211 226
42 227
44 227
123 227
84 228
213 228
97 229
192 229
177 230
190 230
99 231
7 232
8 232
118 232
189 232
93 233
200 233
179 235
198 235
139 236
142 237
204 239
178 240
68 241
147 241
171 241
181 241
14 242
38 243
219 244
241 245
15 246
175 246
59 247
19 249
190 249
221 249
90 250
63 251
146 251
200 251
68 252
158 252
251 252
129 253
167 254
253 255
220 258
58 259
203 260
73 264
245 265
154 266
78 267
20 268
81 268
218 268
47 269
112 269
128 270
201 271
13 272
67 272
145 272
247 274
273 274
118 275
119 275
27 276
208 279
33 280
67 280
179 280
27 281
243 282
81 283
113 285
77 287
52 288
27 290
147 291
204 293
267 293
283 295
32 296
107 296
40 297
62 298
89 298
117 298
124 300
164 300
211 300
163 301
165 301
141 302
215 303
26 304
134 304
161 304
162 304
118 305
226 305
268 305
105 306
187 306
247 306
46 309
74 309
269 309
175 310
70 311
49 312
122 313
42 314
227 314
7 316
169 316
79 317
77 318
208 318
5 319
95 321
198 322
266 323
141 324
183 324
6 326
216 326
138 327
232 328
325 329
142 330
315 330
134 331
179 331
29 332
143 332
32 333
233 333
63 334
300 334
165 335
185 335
235 335
317 335
223 336
108 338
65 339
137 339
147 339
169 339
37 340
47 340
311 341
95 342
156 342
174 342
19 343
29 344
201 344
244 344
80 345
162 345
154 346
261 346
178 347
282 347
33 348
194 348
324 348
4 349
98 350
220 351
45 353
185 353
190 353
202 353
92 354
256 354
316 354
232 355
3 356
12 356
61 356
97 356
204 356
257 356
121 357
262 357
291 357
156 358
12 359
62 359
136 359
152 359
302 359
234 360
251 360
267 360
23 361
135 361
192 361
25 363
105 363
192 364
56 366
138 366
57 368
81 368
235 368
246 369
293 369
103 370
149 370
159 370
285 370
251 371
99 372
108 372
50 373
66 373
258 373
119 375
27 376
154 376
259 376
299 376
361 376
57 378
81 378
157 378
217 378
155 379
232 380
376 380
299 381
32 383
211 384
266 384
63 386
116 386
172 386
64 387
160 387
56 388
127 389
142 389
195 389
295 389
355 389
243 390
31 391
51 391
68 391
242 391
129 393
260 393
163 394
10 395
318 395
329 395
370 395
2 396
109 396
294 396
294 397
320 397
357 397
123 398
395 398
191 399
202 399
309 400
253 402
180 403
298 403
367 403
29 405
60 405
119 405
126 406
147 406
298 407
308 407
133 409
232 409
255 409
51 410
73 410
53 411
84 411
224 411
12 412
248 412
278 412
360 412
397 412
402 413
184 414
357 414
260 415
403 415
387 416
21 417
167 417
188 417
331 417
384 417
402 417
60 418
371 418
358 419
361 419
143 420
35 421
400 421
252 422
343 422
250 423
353 423
393 423
100 424
97 425
78 427
123 427
139 427
337 427
88 428
382 428
321 429
419 429
421 429
23 430
305 430
306 430
5 432
153 432
320 432
341 432
411 433
10 434
245 435
367 435
120 436
333 436
349 436
365 436
68 437
224 437
16 439
264 439
402 439
32 440
292 440
438 440
70 441
208 441
169 442
206 442
140 443
208 444
297 444
36 445
78 445
132 446
188 446
101 447
197 448
279 448
287 448
295 448
361 448
435 448
27 449
41 449
132 449
437 449
117 450
173 450
39 451
53 451
160 451
192 451
352 451
9 452
33 452
170 452
327 453
62 454
5 455
54 455
205 455
296 455
239 456
396 456
129 457
288 457
345 457
289 458
443 458
215 459
260 459
103 460
430 460
287 461
208 462
213 462
207 463
390 463
455 463
172 464
173 465
275 465
282 465
291 465
180 466
246 466
232 467
40 468
100 468
331 468
372 468
437 468
75 469
27 470
242 470
182 471
30 472
92 472
203 472
448 472
454 472
468 474
213 475
291 475
122 476
225 476
253 477
42 479
464 479
47 480
180 480
166 481
444 481
19 482
249 482
75 483
461 484
365 485
403 486
191 487
259 487
265 487
342 488
167 489
284 489
217 491
292 491
2 492
159 492
182 492
136 493
163 494
285 494
369 494
39 496
118 496
226 497
166 498
187 498
305 498
154 499
199 499
280 499
323 499
454 499
52 500
156 500
355 500
16 501
61 501
69 501
321 501
21 502
100 502
287 502
161 503
416 503
171 505
305 505
157 506
314 506
429 506
442 506
17 507
92 507
263 507
427 507
96 508
226 508
260 508
26 509
258 509
162 510
303 511
393 511
416 511
481 511
170 512
195 512
222 512
274 512
321 512
174 513
286 513
332 514
398 516
1 517
82 517
148 517
207 518
215 518
316 518
335 518
503 518
141 519
281 519
510 519
18 520
107 520
423 520
507 520
5 521
102 521
239 521
452 521
466 522
498 522
148 524
356 524
379 524
257 526
53 527
185 527
225 527
468 527
87 528
95 528
155 528
451 528
244 529
40 532
258 532
347 532
475 532
495 532
59 533
102 533
165 533
244 533
410 533
70 534
291 534
306 534
264 535
333 535
26 536
169 536
455 536
63 537
195 537
314 537
389 537
35 538
221 538
275 539
345 539
520 539
8 541
70 541
413 541
164 542
321 542
329 542
346 542
4 543
40 544
271 544
387 544
435 544
534 544
91 546
309 546
315 546
327 546
1 547
194 547
303 547
112 548
306 548
328 548
357 548
120 549
384 549
232 550
337 550
53 551
183 552
247 552
470 552
27 553
228 553
12 554
70 554
454 554
42 555
202 555
288 555
419 555
431 555
123 556
238 556
367 556
549 556
33 557
132 557
70 558
88 558
213 558
245 558
8 559
10 559
105 559
468 559
489 559
551 559
122 560
187 560
35 561
234 561
399 561
473 561
54 562
279 562
390 562
58 563
380 563
258 564
298 564
538 564
436 565
501 565
524 565
61 566
116 566
159 566
372 566
425 566
291 568
426 568
238 569
531 569
549 569
116 570
155 570
280 570
60 571
149 571
517 571
302 572
369 572
16 573
176 573
429 573
69 574
357 574
386 574
567 574
33 575
136 575
159 575
174 575
257 575
538 575
167 576
454 577
473 577
545 577
92 578
243 578
374 578
396 578
534 578
238 579
330 579
163 580
253 580
257 580
563 580
196 581
265 581
367 581
551 581
29 583
120 583
340 583
441 583
145 584
269 584
277 584
315 584
505 584
136 585
241 585
254 585
299 585
341 585
500 585
191 586
304 586
446 586
465 586
142 587
170 587
441 587
447 587
23 588
88 588
244 588
129 589
158 589
236 589
62 590
317 590
328 590
470 590
101 591
129 591
297 592
463 592
504 592
9 593
414 593
562 593
176 594
336 594
385 594
463 594
591 594
206 595
45 596
179 596
446 596
16 597
88 597
114 597
287 597
351 597
501 597
563 597
190 598
336 598
473 598
506 598
153 599
312 599
417 599
570 599
288 600
502 600
508 600
86 601
213 601
250 601
344 601
188 603
196 603
328 603
544 603
43 604
496 604
68 605
252 605
74 606
93 606
135 606
549 606
591 606
47 607
330 607
394 607
149 608
223 608
472 608
485 608
9 609
11 609
159 609
352 609
585 609
75 610
146 610
348 610
492 610
141 612
167 613
467 613
497 613
535 613
600 613
318 614
209 615
492 615
496 615
543 616
199 617
400 617
426 617
54 618
384 618
400 618
601 618
105 619
116 619
190 620
204 620
588 620
213 621
222 621
269 621
350 621
457 621
488 621
574 621
181 622
215 622
321 622
329 622
429 622
334 623
402 623
163 624
205 624
313 624
324 624
356 624
418 624
577 624
292 625
398 625
84 626
446 626
608 626
573 627
342 628
353 628
411 628
130 629
215 629
431 629
183 630
303 630
423 630
457 630
165 632
186 632
212 632
7 633
40 633
84 633
324 634
452 634
545 634
110 635
220 635
325 635
512 635
521 635
565 635
621 635
68 636
247 636
358 636
492 636
252 637
382 637
571 637
603 637
78 638
197 638
383 638
169 639
472 639
103 640
189 640
247 640
274 640
430 640
384 641
452 641
20 642
228 642
269 642
345 642
79 643
230 643
536 643
125 644
221 644
261 644
439 644
47 645
417 645
0 646
66 646
297 646
9 647
148 647
204 647
528 647
602 647
72 648
225 648
476 648
580 648
128 649
501 649
456 650
159 651
439 651
554 651
11 652
98 652
163 653
352 653
421 653
541 653
533 654
630 654
41 655
55 655
69 655
197 655
500 656
190 658
319 658
339 658
503 658
621 658
163 659
246 659
324 659
391 659
414 659
494 659
560 659
34 660
89 660
428 660
624 660
430 661
107 662
258 662
277 663
438 663
442 663
638 663
284 664
371 664
498 664
513 664
533 664
588 664
329 665
6 666
62 666
352 666
552 666
629 666
67 667
98 667
138 667
235 667
360 667
485 667
225 668
259 668
301 668
309 668
613 668
661 668
24 669
42 669
123 669
210 669
294 669
111 671
158 671
353 671
407 671
460 671
82 672
145 672
334 672
359 672
526 672
394 673
115 674
226 674
237 674
264 674
287 674
576 674
628 674
117 675
191 675
393 675
492 675
554 675
619 675
65 676
163 676
616 676
214 677
243 677
313 677
446 677
119 678
526 678
86 679
529 679
584 679
243 680
317 681
503 681
561 681
595 681
106 682
348 682
427 682
494 682
549 682
15 683
306 683
232 684
24 685
108 685
109 685
146 685
162 685
220 685
367 685
153 686
246 686
363 686
504 686
521 686
564 686
465 687
599 687
77 688
224 688
440 688
658 688
54 689
76 689
324 690
396 690
442 690
676 690
326 691
384 691
412 691
15 692
165 692
196 692
464 692
45 693
276 693
412 693
432 693
462 693
549 693
568 693
238 694
396 694
449 694
464 694
527 694
579 694
71 695
105 695
200 695
525 695
592 695
47 696
269 696
282 696
411 696
515 696
551 696
634 696
663 696
41 697
632 697
220 698
248 698
499 698
477 699
639 699
224 700
244 700
250 700
331 700
421 700
482 700
690 700
370 701
447 701
70 702
240 702
314 702
695 702
361 703
399 703
448 703
492 703
644 703
141 704
239 704
265 704
365 704
379 704
414 704
591 704
674 704
303 705
388 705
92 706
243 706
59 707
443 707
97 708
416 708
235 709
282 709
432 709
455 709
505 709
608 709
366 710
437 710
564 710
338 711
174 712
314 712
418 712
273 713
412 713
712 713
263 714
69 715
177 715
568 715
683 715
302 716
318 716
450 716
13 717
408 717
472 717
667 717
99 718
166 718
251 718
0 719
150 719
319 719
320 719
588 719
168 720
364 720
581 720
436 721
567 721
666 721
425 722
577 723
581 723
666 723
12 724
390 724
569 724
590 724
622 724
107 725
514 725
666 725
215 726
239 726
343 726
512 726
652 726
188 727
226 727
315 727
504 727
525 727
648 727
18 728
62 728
190 728
400 728
430 729
437 729
469 729
580 729
106 730
422 730
603 730
33 732
138 732
347 732
376 732
544 732
561 732
622 732
36 734
150 734
505 734
644 734
260 735
357 735
642 735
118 736
514 736
608 736
734 736
46 737
192 737
538 737
129 738
267 738
493 738
537 738
473 739
564 739
183 740
148 741
79 742
160 742
420 742
476 742
527 742
356 743
491 743
680 743
23 744
184 744
676 744
2 745
224 745
331 745
364 745
373 745
569 745
237 746
406 746
644 746
266 747
363 747
430 747
739 747
18 748
246 748
352 748
719 749
287 750
292 750
164 751
234 751
413 751
521 751
732 751
207 752
266 752
411 752
443 752
479 752
534 752
734 752
218 753
611 753
631 753
745 753
97 754
612 754
723 754
30 755
256 755
285 755
550 755
702 755
78 756
99 756
385 756
552 756
742 756
225 757
371 757
441 757
196 758
312 758
568 758
515 759
597 760
40 761
137 761
187 761
404 761
458 761
566 761
654 761
723 761
297 762
375 762
554 763
691 763
144 764
294 764
554 764
636 764
403 765
680 765
411 766
312 767
357 767
419 767
536 767
760 767
34 768
756 768
240 769
372 769
714 769
356 770
400 770
407 770
470 770
472 770
312 771
485 771
707 771
178 772
316 772
346 772
383 772
494 772
549 772
656 772
42 773
212 773
458 773
532 773
625 773
745 773
337 775
371 775
443 775
542 775
672 775
680 775
220 776
503 776
775 776
39 777
40 777
175 777
280 777
364 777
450 777
509 777
617 777
748 777
55 778
89 778
312 778
521 778
525 778
766 778
170 779
248 779
392 780
709 780
81 781
612 781
678 781
24 782
329 782
57 783
576 783
651 783
177 784
449 784
661 784
673 784
702 784
447 785
574 785
577 785
141 786
185 786
329 786
362 786
126 787
143 787
514 787
121 788
262 788
203 789
440 789
256 790
666 790
716 790
723 790
264 791
304 791
693 791
230 792
278 792
448 792
676 792
15 793
56 793
101 793
262 793
569 793
627 793
32 794
83 794
108 794
147 794
244 794
267 794
638 794
37 795
55 795
161 795
468 795
475 795
726 795
327 796
434 796
525 796
332 797
389 798
695 798
378 799
487 799
798 799
184 800
385 800
718 800
155 801
391 801
85 802
100 802
180 802
425 802
52 803
283 803
409 803
537 803
709 803
122 804
199 804
76 805
196 805
212 805
355 805
401 805
751 805
762 805
45 806
289 806
514 806
736 806
381 807
531 807
667 807
121 808
520 808
718 808
208 809
313 809
210 810
244 810
347 810
478 810
617 810
120 811
148 811
302 811
506 811
622 811
219 812
448 812
476 812
539 812
70 813
322 813
658 814
81 815
154 815
769 815
782 815
186 816
262 816
510 816
730 816
782 816
28 817
345 817
523 817
597 817
651 817
2 818
28 818
487 818
522 818
615 818
624 818
653 818
311 819
685 819
790 819
337 820
379 820
457 820
661 820
184 821
418 821
566 821
650 821
797 821
781 822
253 823
297 823
335 823
711 823
305 824
620 824
690 824
743 824
11 825
195 825
374 825
562 825
36 826
39 826
165 826
173 826
340 826
425 826
463 826
566 826
161 827
206 827
92 829
167 829
210 829
250 829
397 829
496 829
533 829
681 829
743 829
819 829
117 830
204 830
449 830
99 831
573 831
715 831
719 831
764 832
812 832
464 833
60 834
70 834
121 834
214 834
274 834
803 834
21 835
33 835
50 835
219 835
607 835
723 835
735 835
233 836
343 836
475 836
652 836
10 837
128 837
397 837
409 837
703 837
810 837
70 838
90 838
138 838
291 838
594 838
711 838
8 839
186 839
427 839
528 839
591 839
628 839
641 839
83 840
497 840
634 840
639 840
673 840
802 840
281 841
429 841
449 841
661 841
707 841
809 841
17 842
155 842
254 842
297 842
369 842
680 842
180 843
268 843
365 843
520 843
671 843
706 843
821 843
482 844
558 844
838 844
248 845
745 845
16 846
116 846
203 846
214 846
393 846
837 846
163 847
179 847
479 848
633 848
12 849
57 849
64 849
159 849
287 849
430 849
649 849
723 849
733 849
797 849
31 850
250 850
461 850
493 850
82 851
214 851
474 851
0 852
170 852
335 852
283 853
795 853
457 854
506 854
744 854
841 854
123 855
180 855
417 855
600 855
775 855
836 855
224 856
275 856
584 856
599 856
746 856
234 857
326 857
533 857
299 858
618 858
650 858
742 859
95 860
346 860
493 860
854 860
39 861
117 861
133 861
187 861
423 861
780 861
17 862
161 862
394 862
428 862
597 862
67 863
280 863
286 863
440 863
604 863
299 864
348 864
370 864
655 864
764 864
43 865
96 865
510 865
819 865
198 866
431 866
583 866
701 867
840 867
136 868
144 868
207 868
512 868
524 868
603 869
15 870
171 870
405 870
700 870
761 870
195 871
238 871
409 871
510 871
659 871
770 871
847 871
283 872
403 872
476 872
615 872
680 872
315 873
335 873
394 873
468 873
811 873
43 874
198 874
300 874
729 874
494 875
532 875
774 875
20 876
102 876
336 876
162 877
328 877
434 877
514 877
525 877
659 877
733 877
79 878
361 878
515 878
610 878
644 878
717 878
337 879
412 879
429 879
478 879
558 879
798 879
862 879
205 880
668 880
739 880
867 880
328 882
435 882
505 882
562 882
870 882
192 883
461 883
524 883
599 883
821 883
206 884
379 884
636 884
835 884
219 885
331 885
332 885
423 885
599 885
383 886
14 887
706 887
66 888
317 888
386 888
427 888
511 888
692 888
126 889
535 889
103 890
635 890
729 890
785 890
874 890
112 891
252 891
419 891
573 891
575 891
752 891
792 891
132 892
290 892
531 892
773 892
159 893
437 893
468 893
527 893
559 893
208 894
676 894
745 894
772 894
826 894
560 895
677 895
841 895
857 895
190 896
263 896
327 896
350 896
419 896
636 896
122 897
130 897
303 897
539 897
642 897
143 898
192 898
261 898
280 898
651 898
675 898
748 898
35 899
53 899
514 899
691 899
191 900
794 900
831 900
2 901
80 901
130 901
271 901
454 901
500 901
506 901
77 902
120 902
176 902
376 902
379 902
573 902
36 903
96 903
700 903
760 903
609 904
683 904
729 904
737 904
741 904
854 904
20 905
43 905
257 905
286 905
302 905
569 905
24 906
248 906
372 906
385 906
667 906
858 906
890 906
213 907
323 907
462 907
787 907
130 908
184 908
247 908
282 908
287 908
778 908
80 909
237 909
394 909
463 909
573 909
290 910
656 910
0 911
15 911
187 911
226 911
330 911
528 911
708 911
186 912
276 912
165 913
406 913
651 913
652 913
683 913
224 914
295 914
389 914
702 914
744 914
755 914
791 914
853 914
70 915
156 915
349 915
439 915
460 915
497 915
507 915
550 915
648 915
291 916
292 916
431 916
690 916
796 916
490 917
860 917
906 917
100 918
478 918
819 918
882 918
84 919
270 919
749 919
755 919
882 919
335 920
561 920
624 920
726 920
866 920
173 921
224 921
362 921
566 921
60 922
320 922
643 922
920 922
96 923
121 923
167 923
306 923
310 923
744 923
801 924
65 925
502 925
722 925
845 925
896 925
903 925
3 926
328 926
618 926
755 926
921 926
6 927
162 927
412 927
728 927
760 927
768 927
881 927
42 928
138 928
442 928
893 928
354 929
580 929
874 929
45 930
113 930
201 930
463 930
502 930
518 930
641 930
898 930
351 931
398 931
622 931
685 931
687 931
763 931
204 932
325 932
81 933
127 933
222 933
320 933
345 933
691 933
780 933
363 934
463 934
514 934
666 934
668 934
523 935
578 935
740 935
862 935
915 935
238 936
249 936
321 936
847 936
881 936
336 937
702 937
899 937
346 938
532 938
629 938
675 938
733 938
83 939
196 939
396 939
451 939
728 939
912 939
77 940
183 940
238 940
333 940
415 940
665 940
96 941
380 941
581 941
522 942
604 942
933 942
199 943
433 943
129 944
214 944
233 944
304 944
938 944
19 945
185 945
460 945
541 945
667 945
689 945
66 946
228 946
827 946
945 946
248 947
587 947
20 948
179 948
426 948
495 948
273 949
325 949
501 949
579 949
685 949
815 949
866 949
942 949
181 950
330 950
709 950
87 951
238 951
449 951
472 951
640 951
565 952
691 952
808 952
8 953
635 953
671 953
677 953
820 953
840 953
912 953
241 954
359 954
432 954
521 954
576 954
605 954
59 955
72 955
253 955
261 955
277 955
386 955
534 955
682 955
401 956
635 956
44 957
272 957
297 957
430 957
549 957
187 958
339 958
352 958
720 958
764 958
803 958
806 958
527 959
6 960
98 960
114 960
365 960
546 960
659 960
712 960
14 961
949 961
951 961
438 962
793 962
249 963
306 963
399 963
455 963
538 963
554 963
789 963
18 964
102 964
124 964
204 964
212 964
528 964
590 964
729 964
817 964
272 965
330 965
592 965
736 965
263 966
513 966
770 966
820 966
901 966
496 967
720 967
864 967
47 968
103 968
372 968
473 968
500 968
652 968
675 968
892 968
91 969
253 969
606 969
675 969
901 969
324 970
591 970
651 970
112 971
414 971
435 971
588 971
685 971
915 971
28 972
477 972
954 972
47 973
136 973
809 973
831 973
961 973
225 974
235 974
558 974
701 974
934 974
102 975
196 975
479 975
534 975
789 975
48 976
345 976
655 976
700 976
144 977
184 977
186 977
213 977
471 977
19 978
292 978
599 978
787 978
876 978
638 979
899 979
954 979
262 980
436 980
446 980
630 980
688 980
761 980
125 981
767 981
496 982
302 983
344 983
558 983
189 984
660 984
172 985
182 985
390 985
634 985
711 985
879 985
923 985
118 986
553 986
594 986
939 986
349 987
460 987
756 987
817 987
916 987
25 988
438 988
580 988
698 988
737 988
809 988
74 989
158 989
192 989
217 989
603 989
758 989
55 990
112 990
186 990
206 990
366 990
506 990
815 990
65 991
265 992
479 992
852 992
886 992
935 992
135 993
354 993
481 993
518 993
798 993
827 993
839 993
983 993
248 994
772 994
119 995
503 995
853 995
1 996
121 996
200 996
209 996
382 996
594 996
630 996
840 996
987 996
191 997
260 997
301 997
697 997
858 997
983 997
149 998
247 998
447 998
666 998
949 998
157 999
724 999
751 999
406 1000
650 1000
683 1000
695 1000
711 1000
957 1000
29 1001
40 1001
113 1001
176 1001
423 1001
520 1001
550 1001
609 1001
636 1001
11 1002
432 1002
827 1002
945 1002
55 1003
98 1003
246 1003
286 1003
404 1003
506 1003
244 1004
393 1004
779 1004
912 1004
919 1004
11 1005
75 1005
134 1005
137 1005
159 1005
292 1005
755 1005
758 1005
927 1005
40 1006
58 1006
156 1006
205 1006
240 1006
292 1006
313 1006
937 1006
96 1007
402 1007
570 1007
905 1007
966 1007
255 1008
335 1008
742 1008
895 1008
969 1008
148 1009
233 1009
307 1009
372 1009
552 1009
478 1010
610 1010
789 1010
802 1010
2 1011
275 1011
350 1011
404 1011
737 1011
963 1011
186 1012
478 1012
585 1012
596 1012
849 1012
955 1012
181 1013
366 1013
467 1013
291 1014
776 1014
981 1014
118 1015
132 1015
233 1015
304 1015
667 1015
728 1015
866 1015
51 1016
505 1016
762 1016
896 1016
133 1017
316 1017
429 1017
108 1018
349 1018
490 1018
638 1018
733 1018
877 1018
373 1019
376 1019
397 1019
896 1019
9 1020
40 1020
469 1020
502 1020
565 1020
980 1020
1013 1020
32 1021
99 1021
137 1021
434 1021
492 1021
952 1021
991 1021
82 1022
402 1022
556 1022
888 1022
968 1022
973 1022
249 1023
260 1023
604 1023
673 1023
679 1023
869 1023
1001 1023
822 1024
543 1025
566 1025
663 1025
675 1025
985 1025
1018 1025
0 1026
161 1026
162 1026
235 1026
696 1026
836 1026
952 1026
95 1027
195 1027
381 1027
723 1027
128 1028
272 1028
420 1028
487 1028
193 1029
227 1029
699 1029
75 1030
108 1030
183 1030
542 1030
585 1030
13 1031
278 1031
353 1031
371 1031
431 1031
549 1031
869 1031
1006 1031
258 1032
428 1032
477 1032
529 1032
712 1032
1008 1032
32 1033
355 1033
636 1033
738 1033
798 1033
1026 1033
85 1034
123 1034
217 1034
243 1034
584 1034
751 1034
854 1034
1012 1034
430 1035
530 1035
616 1035
653 1035
768 1035
819 1035
934 1035
26 1036
484 1036
147 1037
191 1037
584 1037
1009 1037
82 1038
377 1038
379 1038
643 1038
826 1038
205 1039
295 1039
725 1039
143 1040
206 1040
474 1040
691 1040
700 1040
1004 1040
32 1041
56 1041
79 1041
84 1041
598 1041
682 1041
777 1041
821 1041
916 1041
1014 1041
267 1042
490 1042
598 1042
111 1043
885 1043
140 1044
399 1044
538 1044
853 1044
152 1045
246 1045
426 1045
454 1045
491 1045
167 1046
453 1046
521 1046
553 1046
561 1046
600 1046
722 1046
733 1047
203 1048
492 1048
803 1048
12 1049
442 1049
653 1049
660 1049
761 1049
331 1050
534 1050
902 1050
1008 1050
464 1051
563 1051
894 1051
222 1052
322 1052
527 1052
706 1052
707 1052
940 1052
61 1053
609 1053
625 1053
1009 1053
82 1054
212 1054
726 1054
750 1054
754 1054
1019 1054
1030 1054
0 1055
265 1055
484 1055
538 1055
652 1055
674 1055
753 1055
83 1056
143 1056
422 1056
507 1056
595 1056
819 1056
145 1057
351 1057
602 1057
626 1057
795 1057
849 1057
874 1057
962 1057
21 1058
58 1058
149 1058
362 1058
483 1058
651 1058
674 1058
688 1058
930 1058
964 1058
1051 1058
253 1059
286 1059
597 1059
792 1059
61 1060
113 1060
116 1060
424 1060
443 1060
604 1060
639 1060
578 1061
806 1061
99 1062
178 1062
285 1062
406 1062
488 1062
507 1062
710 1062
922 1062
954 1062
517 1063
633 1063
891 1063
393 1064
805 1064
1041 1064
58 1065
60 1065
233 1065
286 1065
414 1065
472 1065
597 1065
912 1065
1005 1065
1014 1065
39 1066
346 1066
507 1066
655 1066
714 1066
753 1066
795 1066
862 1066
353 1067
787 1067
950 1067
112 1068
573 1068
654 1068
679 1068
105 1069
159 1069
160 1069
469 1069
655 1069
782 1069
18 1070
183 1070
336 1070
348 1070
798 1070
937 1070
1025 1070
47 1071
377 1071
520 1071
529 1071
984 1071
1046 1071
1065 1071
448 1072
591 1072
770 1072
995 1072
52 1073
54 1073
346 1073
864 1073
896 1073
605 1074
1054 1074
63 1075
452 1075
855 1075
912 1075
970 1075
1004 1075
415 1076
887 1076
265 1077
440 1077
442 1077
447 1077
668 1077
699 1077
151 1078
311 1078
412 1078
486 1078
583 1078
765 1078
911 1078
976 1078
994 1078
430 1079
803 1079
893 1079
122 1080
289 1080
651 1080
419 1081
655 1081
911 1081
980 1081
1019 1081
108 1082
141 1082
245 1082
329 1082
377 1082
437 1082
137 1083
362 1083
626 1083
666 1083
918 1083
935 1083
381 1084
612 1084
660 1084
744 1084
826 1084
934 1084
1051 1084
12 1085
19 1085
109 1085
208 1085
338 1085
512 1085
718 1085
911 1085
927 1085
1014 1085
1062 1085
193 1086
939 1086
980 1086
1022 1086
2 1087
169 1087
387 1087
597 1087
650 1087
658 1087
704 1087
408 1088
481 1088
589 1088
712 1088
725 1088
726 1088
727 1088
334 1089
764 1089
935 1089
477 1090
736 1090
737 1090
192 1091
402 1091
442 1091
866 1091
3 1092
295 1092
606 1092
704 1092
793 1092
184 1093
344 1093
453 1093
692 1093
786 1093
627 1094
635 1094
828 1094
891 1094
1074 1094
13 1095
71 1095
113 1095
140 1095
235 1095
497 1095
703 1095
739 1095
1036 1095
1053 1095
130 1096
137 1096
156 1096
164 1096
174 1096
263 1096
379 1096
489 1096
643 1096
169 1097
290 1097
667 1097
160 1098
285 1098
312 1098
368 1098
108 1099
599 1099
849 1099
1008 1099
134 1100
212 1100
246 1100
509 1100
612 1100
619 1100
354 1101
401 1101
419 1101
433 1101
364 1102
495 1102
940 1102
980 1102
255 1103
318 1103
420 1103
700 1103
509 1104
898 1104
297 1105
388 1105
508 1105
677 1105
960 1105
983 1105
12 1106
295 1106
399 1106
506 1106
952 1106
1054 1106
352 1107
709 1107
87 1108
563 1108
783 1108
856 1108
874 1108
958 1108
1019 1108
56 1109
497 1109
1040 1109
943 1110
1002 1110
219 1111
447 1111
941 1111
966 1111
1040 1111
34 1112
407 1112
517 1112
117 1113
604 1113
857 1113
935 1113
984 1113
397 1114
580 1114
980 1114
982 1114
1002 1114
1079 1114
951 1115
1109 1115
152 1116
611 1116
629 1116
648 1116
832 1116
1001 1116
1061 1116
167 1117
348 1117
417 1117
538 1117
659 1117
844 1117
908 1117
1108 1117
555 1118
798 1118
44 1119
953 1119
1042 1119
59 1120
179 1120
195 1120
549 1120
777 1120
787 1120
958 1120
975 1120
1021 1120
466 1121
597 1121
676 1121
766 1121
1071 1121
960 1122
996 1122
1046 1122
1110 1122
195 1123
214 1123
474 1123
523 1123
833 1123
931 1123
982 1123
513 1124
660 1124
73 1125
349 1125
397 1125
515 1125
682 1125
865 1125
897 1125
1011 1125
1070 1125
1086 1125
690 1126
711 1126
737 1126
819 1126
877 1126
879 1126
985 1126
49 1127
837 1127
50 1128
165 1128
212 1128
550 1128
842 1128
317 1129
685 1129
1006 1129
666 1130
882 1130
906 1130
1091 1130
1129 1130
108 1131
201 1131
219 1131
636 1131
710 1131
723 1131
725 1131
816 1131
843 1131
63 1132
205 1132
300 1132
993 1132
1064 1132
7 1133
188 1133
317 1134
727 1134
1111 1134
96 1135
164 1135
474 1135
942 1135
1134 1135
331 1136
355 1136
444 1136
488 1136
825 1136
914 1136
316 1137
336 1137
405 1137
668 1137
750 1137
761 1137
864 1137
1053 1137
317 1138
556 1138
744 1138
74 1139
77 1139
114 1139
640 1139
1022 1139
1073 1139
1122 1139
260 1140
381 1140
526 1140
722 1140
819 1140
919 1140
393 1141
450 1141
641 1141
759 1141
939 1141
1080 1141
1105 1141
76 1142
239 1142
407 1142
469 1142
725 1142
904 1142
1115 1142
254 1143
426 1143
623 1143
824 1143
1018 1143
1139 1143
7 1144
39 1144
128 1144
321 1144
369 1144
974 1144
1022 1144
187 1145
262 1145
474 1145
500 1145
752 1145
911 1145
955 1145
38 1146
443 1146
695 1146
870 1146
969 1146
1012 1146
473 1147
491 1147
509 1147
1090 1147
71 1148
203 1148
305 1148
356 1148
584 1148
811 1148
825 1148
881 1148
1050 1148
1103 1148
38 1149
138 1149
425 1149
542 1149
574 1149
697 1149
1064 1149
1080 1149
60 1150
519 1150
664 1150
971 1150
1034 1150
1113 1150
67 1151
104 1151
392 1151
497 1151
199 1152
243 1152
348 1152
387 1152
600 1152
731 1152
767 1152
920 1152
352 1153
416 1153
598 1153
1058 1153
1062 1153
102 1154
130 1154
653 1154
794 1154
799 1154
905 1154
986 1154
190 1155
321 1155
156 1156
837 1156
969 1156
1017 1156
25 1157
180 1157
276 1157
315 1157
345 1157
393 1157
459 1157
508 1157
1040 1157
137 1158
397 1158
584 1158
687 1158
756 1158
786 1158
923 1158
163 1159
224 1159
240 1159
589 1159
635 1159
682 1159
7 1160
437 1160
451 1160
479 1160
769 1160
68 1161
114 1161
406 1161
606 1161
671 1161
1040 1161
1045 1161
126 1162
604 1162
740 1162
791 1162
88 1163
311 1163
524 1163
599 1163
874 1163
1036 1163
146 1164
201 1164
284 1164
328 1164
332 1164
510 1164
568 1164
629 1164
824 1164
860 1164
106 1165
180 1165
243 1165
262 1165
375 1165
390 1165
488 1165
866 1165
1042 1165
1053 1165
77 1166
282 1166
410 1166
328 1167
733 1167
902 1167
914 1167
63 1168
348 1168
582 1168
633 1168
894 1168
132 1169
285 1169
472 1169
630 1169
670 1169
802 1169
847 1169
956 1169
1069 1169
453 1170
557 1170
656 1170
683 1170
755 1170
1096 1170
37 1171
48 1171
120 1171
348 1171
428 1171
647 1171
950 1171
1100 1171
71 1172
330 1172
363 1172
778 1172
875 1172
933 1172
288 1173
342 1173
470 1173
483 1173
768 1173
941 1173
1034 1173
485 1174
758 1174
1109 1174
1141 1174
1167 1174
57 1175
1132 1175
92 1176
90 1177
114 1177
469 1177
487 1177
693 1177
747 1177
792 1177
794 1177
716 1178
948 1178
193 1179
229 1179
688 1179
803 1179
884 1179
1045 1179
452 1180
621 1180
724 1180
815 1180
955 1180
1052 1180
127 1181
244 1181
299 1181
349 1181
481 1181
793 1181
20 1182
59 1182
95 1182
181 1182
262 1182
485 1182
688 1182
107 1183
833 1183
890 1183
1030 1183
73 1184
279 1184
283 1184
932 1184
955 1184
1090 1184
14 1185
66 1185
791 1185
1031 1185
335 1186
409 1186
443 1186
888 1186
1049 1186
1171 1186
114 1187
353 1187
549 1187
750 1187
1001 1187
225 1188
518 1188
1068 1188
1122 1188
1180 1188
257 1189
652 1189
1092 1189
113 1190
357 1190
365 1190
648 1190
762 1190
939 1190
60 1191
671 1191
6 1192
131 1192
274 1192
489 1192
529 1192
778 1192
926 1192
456 1193
263 1194
512 1194
598 1194
613 1194
678 1194
788 1194
861 1194
1024 1194
205 1195
275 1195
613 1195
651 1195
908 1195
1188 1195
232 1196
234 1196
291 1196
294 1196
345 1196
668 1196
752 1196
1040 1196
1046 1196
125 1197
128 1197
321 1197
476 1197
580 1197
1029 1197
1104 1197
364 1198
492 1198
551 1198
1165 1198
1166 1198
137 1199
496 1199
771 1199
169 1200
175 1200
253 1200
633 1200
733 1200
953 1200
1091 1200
1172 1200
49 1201
438 1201
869 1201
11 1202
419 1202
995 1202
74 1203
175 1203
326 1203
899 1203
961 1203
962 1203
979 1203
991 1203
439 1204
516 1204
812 1204
884 1204
978 1204
986 1204
1103 1204
8 1205
304 1205
395 1205
446 1205
618 1205
659 1205
681 1205
717 1205
733 1205
774 1205
912 1205
958 1205
1028 1205
1101 1205
119 1206
574 1206
986 1206
1136 1206
108 1207
465 1207
725 1207
1049 1207
1124 1207
440 1208
456 1208
515 1208
557 1208
579 1208
619 1208
679 1208
734 1208
1045 1208
1094 1208
1125 1208
170 1209
559 1209
651 1209
684 1209
950 1209
1105 1209
1177 1209
121 1210
225 1210
226 1210
389 1210
537 1210
607 1210
771 1210
834 1210
836 1210
682 1211
856 1211
11 1212
113 1212
220 1212
377 1212
527 1212
979 1212
987 1212
1027 1212
1078 1212
1135 1212
1145 1212
38 1213
472 1213
504 1213
507 1213
555 1213
609 1213
976 1213
1053 1213
1100 1213
123 1214
219 1214
350 1214
396 1214
571 1214
608 1214
663 1214
794 1214
836 1214
19 1215
205 1215
328 1215
394 1215
562 1215
896 1215
31 1216
560 1216
684 1216
775 1216
904 1216
925 1216
257 1217
535 1217
665 1217
29 1218
64 1218
755 1218
961 1218
1193 1218
213 1219
285 1219
497 1219
786 1219
35 1220
809 1220
1146 1220
1204 1220
49 1221
336 1221
415 1221
433 1221
751 1221
28 1222
453 1222
726 1222
882 1222
1059 1222
1185 1222
275 1223
492 1223
744 1223
1071 1223
40 1224
221 1224
589 1224
664 1224
674 1224
709 1224
854 1224
1106 1224
242 1225
414 1225
525 1225
946 1225
1125 1225
1132 1225
1150 1225
59 1226
438 1226
513 1226
538 1226
599 1226
894 1226
1162 1226
1191 1226
15 1227
199 1227
265 1227
328 1227
625 1227
636 1227
1073 1227
164 1228
233 1228
556 1228
593 1228
770 1228
852 1228
919 1228
1026 1228
1047 1228
95 1229
100 1229
126 1229
329 1229
1107 1229
1139 1229
41 1230
92 1230
97 1230
477 1230
1127 1230
697 1231
1193 1231
42 1232
57 1232
78 1232
638 1232
931 1232
964 1232
9 1233
252 1233
348 1233
368 1233
469 1233
608 1233
901 1233
922 1233
925 1233
1072 1233
62 1234
98 1234
392 1234
570 1234
139 1235
201 1235
365 1235
872 1235
298 1236
394 1236
459 1236
486 1236
622 1236
964 1236
1034 1236
1102 1236
249 1237
661 1237
984 1237
165 1238
209 1238
227 1238
490 1238
664 1238
671 1238
869 1238
1046 1238
1065 1238
1114 1238
663 1239
1147 1239
41 1240
45 1240
169 1240
361 1240
557 1240
673 1240
695 1240
983 1240
1131 1240
590 1241
629 1241
636 1241
1232 1241
59 1242
71 1242
232 1242
625 1242
863 1242
947 1242
204 1243
245 1243
383 1243
415 1243
794 1243
900 1243
1070 1243
1108 1243
57 1244
115 1244
322 1244
464 1244
973 1244
996 1244
1119 1244
1233 1244
100 1245
255 1245
275 1245
794 1245
860 1245
10 1246
118 1246
133 1246
265 1246
354 1246
855 1246
976 1246
1228 1246
364 1247
371 1247
446 1247
875 1247
1083 1247
1246 1247
316 1248
369 1248
779 1248
23 1249
232 1249
377 1249
616 1249
366 1250
498 1250
683 1250
696 1250
833 1250
1054 1250
1058 1250
564 1251
666 1251
796 1251
1033 1251
20 1252
108 1252
312 1252
353 1252
370 1252
848 1252
907 1252
1106 1252
225 1253
525 1253
617 1253
629 1253
955 1253
1050 1253
1081 1253
1140 1253
41 1254
50 1254
290 1254
333 1254
442 1254
603 1254
630 1254
841 1254
903 1254
1051 1254
51 1255
247 1255
399 1255
450 1255
564 1255
607 1255
1132 1255
1236 1255
174 1256
198 1256
265 1256
437 1256
562 1256
618 1256
625 1256
682 1256
804 1256
1036 1256
1063 1256
1153 1256
1233 1256
64 1257
146 1257
178 1257
323 1257
363 1257
483 1257
800 1257
647 1258
714 1258
990 1258
1132 1258
1172 1258
36 1259
447 1259
1233 1259
64 1260
221 1260
698 1260
1068 1260
1088 1260
1151 1260
1154 1260
11 1261
202 1261
248 1261
293 1261
330 1261
407 1261
424 1261
499 1261
537 1261
960 1261
1141 1261
1202 1261
1217 1261
610 1262
784 1262
792 1262
989 1262
1043 1262
1051 1262
125 1263
129 1263
290 1263
453 1263
564 1263
773 1263
822 1263
1119 1263
1143 1263
7 1264
56 1264
265 1264
293 1264
308 1264
414 1264
477 1264
771 1264
796 1264
932 1264
1013 1264
44 1265
69 1265
192 1265
347 1265
649 1265
792 1265
830 1265
865 1265
912 1265
1259 1265
1262 1265
16 1266
428 1266
817 1266
1201 1266
187 1267
678 1267
796 1267
862 1267
1107 1267
151 1268
502 1268
531 1268
540 1268
1058 1268
1238 1268
425 1269
576 1269
611 1269
908 1269
1261 1269
600 1270
746 1270
918 1270
1167 1270
1191 1270
555 1271
598 1271
762 1271
820 1271
891 1271
364 1272
387 1272
474 1272
699 1272
804 1272
872 1272
944 1272
1016 1272
1085 1272
104 1273
817 1273
131 1274
370 1274
379 1274
441 1274
537 1274
756 1274
858 1274
906 1274
36 1275
113 1275
596 1275
692 1275
897 1275
942 1275
953 1275
1049 1275
1170 1275
1248 1275
22 1276
29 1276
198 1276
261 1276
435 1276
661 1276
897 1276
919 1276
1049 1276
1192 1276
22 1277
368 1277
863 1277
928 1277
1259 1277
46 1278
202 1278
288 1278
625 1278
760 1278
225 1279
279 1279
555 1279
691 1279
1193 1279
19 1280
142 1280
201 1280
463 1280
487 1280
545 1280
618 1280
1204 1280
651 1281
662 1281
1202 1281
70 1282
150 1282
180 1282
197 1282
244 1282
297 1282
384 1282
488 1282
610 1282
627 1282
639 1282
1149 1282
189 1283
547 1283
586 1283
633 1283
843 1283
1122 1283
1134 1283
1150 1283
123 1284
245 1284
309 1284
547 1284
640 1284
1071 1284
1251 1284
41 1285
55 1285
248 1285
491 1285
566 1285
790 1285
1145 1285
37 1286
65 1286
478 1286
592 1286
605 1286
841 1286
845 1286
997 1286
19 1287
82 1287
509 1287
612 1287
994 1287
1049 1287
453 1288
463 1288
605 1288
626 1288
659 1288
984 1288
1023 1288
1225 1288
153 1289
366 1289
505 1289
544 1289
724 1289
861 1289
885 1289
1065 1289
1192 1289
1198 1289
1210 1289
49 1290
84 1290
98 1290
442 1290
718 1290
782 1290
974 1290
1234 1290
347 1291
471 1291
648 1291
928 1291
1026 1291
1240 1291
52 1292
65 1292
119 1292
174 1292
295 1292
610 1292
798 1292
848 1292
901 1292
777 1293
39 1294
638 1294
739 1294
833 1294
931 1294
1039 1294
1292 1294
557 1295
875 1295
392 1296
616 1296
624 1296
768 1296
958 1296
1006 1296
96 1297
104 1297
261 1297
887 1297
1187 1297
1188 1297
1222 1297
79 1298
106 1298
245 1298
645 1298
860 1298
893 1298
919 1298
1071 1298
264 1299
346 1299
394 1299
532 1299
563 1299
608 1299
984 1299
1089 1299
245 1300
570 1300
29 1301
239 1301
475 1301
684 1301
973 1301
1235 1301
279 1302
317 1302
495 1302
524 1302
783 1302
861 1302
1252 1302
19 1303
80 1303
376 1303
661 1303
746 1303
896 1303
1102 1303
1127 1303
1181 1303
1278 1303
481 1304
270 1305
943 1305
1060 1305
1093 1305
1134 1305
75 1306
93 1306
314 1306
370 1306
606 1306
713 1306
944 1306
960 1306
1280 1306
86 1307
354 1307
789 1307
834 1307
920 1307
1075 1307
94 1308
194 1308
358 1308
487 1308
697 1308
776 1308
848 1308
1143 1308
1239 1308
1272 1308
354 1309
971 1309
1153 1309
1250 1309
1303 1309
103 1310
400 1310
935 1310
990 1310
1168 1310
1183 1310
1229 1310
1298 1310
1304 1310
453 1311
837 1311
1071 1311
1291 1311
31 1312
89 1312
180 1312
267 1312
573 1312
843 1312
908 1312
950 1312
1008 1312
740 1313
1070 1313
146 1314
597 1314
1162 1314
330 1315
509 1315
843 1315
852 1315
1309 1315
152 1316
176 1316
178 1316
295 1316
494 1316
500 1316
509 1316
655 1316
1019 1316
14 1317
173 1317
205 1317
211 1317
956 1317
1141 1317
185 1318
248 1318
313 1318
898 1318
1099 1318
1245 1318
139 1319
191 1319
360 1319
457 1319
553 1319
627 1319
721 1319
1159 1319
122 1320
336 1320
775 1320
965 1320
1185 1320
1312 1320
538 1321
902 1321
1154 1321
1155 1321
1192 1321
175 1322
194 1322
372 1322
415 1322
584 1322
714 1322
1233 1322
1247 1322
294 1323
385 1323
425 1323
553 1323
600 1323
1073 1323
1258 1323
47 1324
136 1324
199 1324
453 1324
562 1324
733 1324
747 1324
819 1324
911 1324
1005 1324
1033 1324
1133 1324
1190 1324
92 1325
185 1325
191 1325
326 1325
399 1325
557 1325
697 1325
731 1325
794 1325
1127 1325
418 1326
666 1326
820 1326
1128 1326
44 1327
110 1327
122 1327
345 1327
648 1327
886 1327
951 1327
384 1328
552 1328
600 1328
657 1328
786 1328
811 1328
1060 1328
8 1329
75 1329
242 1329
615 1329
667 1329
721 1329
801 1329
1273 1329
28 1330
194 1330
270 1330
421 1330
524 1330
942 1330
961 1330
1119 1330
1207 1330
19 1331
43 1331
171 1331
194 1331
340 1331
444 1331
841 1331
910 1331
954 1331
956 1331
996 1331
1160 1331
186 1332
258 1332
1027 1332
1031 1332
1090 1332
1220 1332
1237 1332
120 1333
233 1333
609 1333
718 1333
745 1333
864 1333
1140 1333
25 1334
568 1334
577 1334
638 1334
663 1334
694 1334
921 1334
1263 1334
54 1335
234 1335
656 1335
693 1335
795 1335
963 1335
987 1335
989 1335
149 1336
231 1336
397 1336
544 1336
778 1336
1089 1336
1220 1336
75 1337
132 1337
1007 1337
1063 1337
1153 1337
1253 1337
77 1338
193 1338
469 1338
612 1338
644 1338
660 1338
671 1338
713 1338
96 1339
538 1339
807 1339
899 1339
277 1340
502 1340
838 1340
844 1340
899 1340
62 1341
124 1341
250 1341
402 1341
431 1341
475 1341
885 1341
1041 1341
1087 1341
1170 1341
3 1342
1295 1342
25 1343
173 1343
291 1343
309 1343
593 1343
613 1343
734 1343
802 1343
963 1343
1188 1343
222 1344
451 1344
894 1344
1139 1344
1238 1344
1302 1344
156 1345
303 1345
346 1345
395 1345
534 1345
659 1345
1014 1345
1203 1345
1336 1345
124 1346
249 1346
256 1346
944 1346
1084 1346
145 1347
386 1347
402 1347
435 1347
480 1347
553 1347
816 1347
1181 1347
1185 1347
137 1348
148 1348
305 1348
560 1348
665 1348
912 1348
925 1348
935 1348
953 1348
1020 1348
377 1349
409 1349
515 1349
519 1349
615 1349
730 1349
1111 1349
46 1350
60 1350
292 1350
422 1350
494 1350
634 1350
697 1350
770 1350
804 1350
280 1351
1077 1351
1304 1351
172 1352
502 1352
669 1352
823 1352
930 1352
1009 1352
1247 1352
468 1353
715 1353
284 1354
651 1354
783 1354
40 1355
161 1355
667 1355
802 1355
22 1356
53 1356
93 1356
958 1356
1050 1356
1155 1356
1204 1356
1227 1356
1262 1356
1304 1356
1355 1356
111 1357
178 1357
377 1357
571 1357
691 1357
815 1357
1037 1357
1088 1357
1315 1357
200 1358
368 1358
441 1358
443 1358
502 1358
551 1358
882 1358
247 1359
268 1359
813 1359
842 1359
934 1359
991 1359
1026 1359
1049 1359
20 1360
299 1360
563 1360
925 1360
1077 1360
1324 1360
317 1361
327 1361
468 1361
926 1361
1019 1361
234 1362
269 1362
794 1362
941 1362
12 1363
19 1363
106 1363
243 1363
296 1363
525 1363
716 1363
1287 1363
1331 1363
9 1364
45 1364
280 1364
631 1364
692 1364
754 1364
1076 1364
1111 1364
232 1365
288 1365
302 1365
528 1365
671 1365
688 1365
1052 1365
1244 1365
38 1366
272 1366
428 1366
693 1366
759 1366
1102 1366
1285 1366
1359 1366
808 1367
860 1367
867 1367
1045 1367
260 1368
375 1368
377 1368
454 1369
620 1369
759 1369
1129 1369
1167 1369
1176 1369
1288 1369
129 1370
459 1370
628 1370
717 1370
762 1370
952 1370
1044 1370
1082 1370
119 1371
507 1371
805 1371
925 1371
1155 1371
1161 1371
1176 1371
1314 1371
279 1372
288 1372
691 1372
1053 1372
1071 1372
326 1373
377 1373
522 1373
1167 1373
1368 1373
1372 1373
303 1374
605 1374
800 1374
803 1374
885 1374
22 1375
345 1375
394 1375
851 1375
988 1375
88 1376
214 1376
535 1376
555 1376
562 1376
944 1376
1167 1376
181 1377
379 1377
462 1377
470 1377
822 1377
913 1377
968 1377
1265 1377
1305 1377
61 1378
552 1378
662 1378
751 1378
1139 1378
1334 1378
125 1379
130 1379
153 1379
302 1379
424 1379
449 1380
905 1380
1057 1380
1167 1380
1168 1380
1283 1380
69 1381
157 1381
178 1381
219 1381
275 1381
359 1381
526 1381
1037 1381
1162 1381
1197 1381
15 1382
77 1382
175 1382
443 1382
675 1382
810 1382
1040 1382
52 1383
287 1383
314 1383
435 1383
486 1383
733 1383
743 1383
959 1383
1129 1383
1268 1383
118 1384
216 1384
243 1384
338 1384
475 1384
540 1384
847 1384
972 1384
1228 1384
1244 1384
375 1385
424 1385
909 1385
952 1385
1044 1385
1131 1385
888 1386
1060 1386
1235 1386
1276 1386
99 1387
263 1387
539 1387
638 1387
692 1387
820 1387
1261 1387
1326 1387
569 1388
727 1388
786 1388
1223 1388
1347 1388
31 1389
53 1389
70 1389
110 1389
287 1389
735 1389
865 1389
1010 1389
1141 1389
1180 1389
1252 1389
134 1390
319 1390
441 1390
619 1390
677 1390
864 1390
956 1390
991 1390
34 1391
140 1391
539 1391
600 1391
712 1391
769 1391
792 1391
846 1391
929 1391
1059 1391
1288 1391
55 1392
574 1392
608 1392
833 1392
844 1392
927 1392
76 1393
84 1393
98 1393
118 1393
431 1393
645 1393
1017 1393
1031 1393
1381 1393
472 1394
557 1394
586 1394
608 1394
655 1394
679 1394
862 1394
1322 1394
165 1395
309 1395
760 1395
1008 1395
1367 1395
119 1396
873 1396
982 1396
1006 1396
1285 1396
1356 1396
54 1397
448 1397
506 1397
545 1397
784 1397
1073 1397
1231 1397
1342 1397
160 1398
249 1398
392 1398
442 1398
448 1398
533 1398
682 1398
944 1398
960 1398
1167 1398
1388 1398
105 1399
305 1399
396 1399
673 1399
707 1399
821 1399
1124 1399
1207 1399
1357 1399
4 1400
37 1400
159 1400
232 1400
327 1400
425 1400
728 1400
764 1400
779 1400
798 1400
987 1400
1074 1400
1296 1400
1398 1400
127 1401
340 1401
434 1401
523 1401
778 1401
5 1402
92 1402
311 1402
463 1402
569 1402
696 1402
867 1402
1065 1402
1353 1402
318 1403
1294 1403
11 1404
145 1404
194 1404
266 1404
389 1404
724 1404
787 1404
855 1404
944 1404
1236 1404
270 1405
748 1405
15 1406
166 1406
365 1406
398 1406
208 1407
245 1407
356 1407
563 1407
935 1407
960 1407
1185 1407
1287 1407
85 1408
223 1408
509 1408
570 1408
632 1408
929 1408
930 1408
1139 1408
581 1409
647 1409
655 1409
675 1409
772 1409
785 1409
895 1409
927 1409
1175 1409
1239 1409
161 1410
343 1410
440 1410
613 1410
706 1410
735 1410
992 1410
1063 1410
1242 1410
1398 1410
587 1411
688 1411
988 1411
1024 1411
1192 1411
1259 1411
232 1412
254 1412
314 1412
401 1412
406 1412
898 1412
903 1412
927 1412
1202 1412
1383 1412
77 1413
683 1413
884 1413
986 1413
110 1414
796 1414
943 1414
967 1414
13 1415
108 1415
167 1415
255 1415
603 1415
733 1415
870 1415
1186 1415
167 1416
168 1416
276 1416
381 1416
569 1416
686 1416
694 1416
874 1416
993 1416
999 1416
1400 1416
72 1417
285 1417
331 1417
505 1417
694 1417
804 1417
874 1417
1049 1417
1185 1417
1253 1417
1341 1417
1358 1417
1407 1417
216 1418
259 1418
268 1418
494 1418
972 1418
998 1418
1096 1418
1302 1418
1377 1418
1417 1418
327 1419
399 1419
587 1419
763 1419
900 1419
1087 1419
1155 1419
1205 1419
1404 1419
59 1420
95 1420
309 1420
574 1420
666 1420
718 1420
719 1420
847 1420
931 1420
1135 1420
1141 1420
252 1421
368 1421
482 1421
595 1421
933 1421
1138 1421
12 1422
117 1422
542 1422
82 1423
112 1423
114 1423
762 1423
806 1423
1116 1423
79 1424
465 1424
489 1424
655 1424
970 1424
1313 1424
160 1425
246 1425
288 1425
340 1425
436 1425
446 1425
645 1425
808 1425
830 1425
1397 1425
1402 1425
31 1426
1023 1426
529 1427
647 1427
921 1427
1148 1427
1319 1427
272 1428
437 1428
518 1428
547 1428
744 1428
781 1428
1002 1428
1079 1428
1277 1428
1346 1428
1425 1428
93 1429
247 1429
494 1429
521 1429
755 1429
1176 1429
145 1430
276 1430
318 1430
457 1430
792 1430
824 1430
825 1430
873 1430
934 1430
1243 1430
1346 1430
308 1431
598 1431
758 1431
773 1431
854 1431
1060 1431
1264 1431
1396 1431
1415 1431
133 1432
263 1432
322 1432
402 1432
650 1432
764 1432
969 1432
12 1433
583 1433
694 1433
788 1433
1038 1433
1044 1433
1137 1433
1157 1433
1209 1433
1266 1433
1343 1433
1395 1433
1419 1433
123 1434
174 1434
221 1434
737 1434
822 1434
973 1434
1081 1434
1146 1434
1422 1434
53 1435
300 1435
488 1435
526 1435
800 1435
972 1435
1043 1435
1044 1435
1085 1435
1304 1435
24 1436
36 1436
37 1436
269 1436
772 1436
1335 1436
2 1437
104 1437
370 1437
471 1437
518 1437
639 1437
651 1437
672 1437
1121 1437
1407 1437
1422 1437
267 1438
847 1438
979 1438
987 1438
1081 1438
1162 1438
4 1439
85 1439
300 1439
615 1439
927 1439
944 1439
1100 1439
1350 1439
323 1440
328 1440
525 1440
665 1440
777 1440
905 1440
1183 1440
1202 1440
1312 1440
78 1441
121 1441
184 1441
292 1441
442 1441
938 1441
1396 1441
238 1442
241 1442
716 1442
896 1442
901 1442
132 1443
738 1443
973 1443
1 1444
109 1444
204 1444
293 1444
359 1444
413 1444
940 1444
942 1444
1142 1444
27 1445
187 1445
786 1445
834 1445
935 1445
1064 1445
1305 1445
1337 1445
1413 1445
34 1446
111 1446
208 1446
314 1446
332 1446
970 1446
1040 1446
1133 1446
903 1447
1062 1447
1358 1447
10 1448
307 1448
347 1448
358 1448
423 1448
933 1448
572 1449
577 1449
619 1449
621 1449
896 1449
20 1450
343 1450
349 1450
652 1450
664 1450
922 1450
1000 1450
1434 1450
52 1451
54 1451
110 1451
499 1451
754 1451
831 1451
1034 1451
1062 1451
1183 1451
1195 1451
40 1452
87 1452
394 1452
609 1452
968 1452
1248 1452
1384 1452
228 1453
772 1453
852 1453
859 1453
1349 1453
1356 1453
1371 1453
81 1454
264 1454
308 1454
450 1454
818 1454
839 1454
979 1454
1226 1454
1257 1454
1351 1454
120 1455
237 1455
300 1455
362 1455
525 1455
571 1455
1290 1455
1332 1455
134 1456
196 1456
399 1456
855 1456
1193 1456
32 1457
176 1457
186 1457
294 1457
678 1457
885 1457
963 1457
1046 1457
503 1458
645 1458
826 1458
1153 1458
63 1459
374 1459
454 1459
549 1459
772 1459
1400 1459
23 1460
48 1460
108 1460
241 1460
533 1460
594 1460
966 1460
976 1460
1080 1460
1108 1460
1379 1460
1424 1460
297 1461
520 1461
578 1461
751 1461
1440 1461
115 1462
587 1462
990 1462
1244 1462
1403 1462
59 1463
70 1463
479 1463
526 1463
1011 1463
1069 1463
22 1464
71 1464
419 1464
465 1464
724 1464
4 1465
24 1465
48 1465
346 1465
402 1465
469 1465
887 1465
1029 1465
1205 1465
1361 1465
154 1466
336 1466
425 1466
1417 1466
1426 1466
133 1467
336 1467
573 1467
586 1467
775 1467
994 1467
1308 1467
123 1468
185 1468
558 1468
563 1468
869 1468
1166 1468
1302 1468
1424 1468
625 1469
1126 1469
1311 1469
1351 1469
1444 1469
23 1470
134 1470
443 1470
1056 1470
1122 1470
1160 1470
1168 1470
1208 1470
1340 1470
28 1471
156 1471
231 1471
268 1471
379 1471
662 1471
736 1471
815 1471
839 1471
1065 1471
1066 1471
1172 1471
1195 1471
803 1472
944 1472
1083 1472
1188 1472
1265 1472
1332 1472
676 1473
713 1473
116 1474
278 1474
482 1474
615 1474
1267 1474
129 1475
362 1475
392 1475
541 1475
1007 1475
1022 1475
1189 1475
1404 1475
11 1476
35 1476
142 1476
247 1476
492 1476
845 1476
955 1476
27 1477
447 1477
623 1477
687 1477
1008 1477
1181 1477
1235 1477
1286 1477
1304 1477
270 1478
292 1478
536 1478
1023 1478
1204 1478
1290 1478
1295 1478
1434 1478
40 1479
76 1479
105 1479
156 1479
629 1479
799 1479
860 1479
1213 1479
247 1480
412 1480
433 1480
462 1480
482 1480
617 1480
930 1480
956 1480
1249 1480
1259 1480
1298 1480
1388 1480
87 1481
197 1481
239 1481
248 1481
324 1481
482 1481
595 1481
690 1481
970 1481
1193 1481
51 1482
124 1482
460 1482
657 1482
1199 1482
1290 1482
1300 1482
1467 1482
59 1483
291 1483
402 1483
412 1483
486 1483
555 1483
584 1483
640 1483
824 1483
872 1483
76 1484
477 1484
660 1484
749 1484
817 1484
855 1484
1297 1484
1318 1484
93 1485
172 1485
340 1485
573 1485
892 1485
1025 1485
1131 1485
1135 1485
1137 1485
1360 1485
159 1486
426 1486
830 1486
1181 1486
1407 1486
1472 1486
391 1487
595 1487
681 1487
837 1487
976 1487
1015 1487
1247 1487
1278 1487
115 1488
126 1488
841 1488
946 1488
29 1489
332 1489
463 1489
517 1489
757 1489
841 1489
1250 1489
1332 1489
1365 1489
192 1490
225 1490
563 1490
568 1490
581 1490
770 1490
1074 1490
1412 1490
1484 1490
181 1491
290 1491
404 1491
557 1491
1133 1491
1244 1491
22 1492
228 1492
382 1492
505 1492
714 1492
1146 1492
1436 1492
44 1493
80 1493
223 1493
356 1493
502 1493
512 1493
521 1493
692 1493
1055 1493
1136 1493
1471 1493
251 1494
941 1494
1385 1494
214 1495
234 1495
823 1495
931 1495
1049 1495
1052 1495
1389 1495
1467 1495
128 1496
149 1496
179 1496
210 1496
321 1496
702 1496
866 1496
926 1496
1251 1496
1317 1496
128 1497
191 1497
570 1497
704 1497
958 1497
1034 1497
1407 1497
1433 1497
8 1498
46 1498
53 1498
100 1498
285 1498
1006 1498
1270 1498
1289 1498
1300 1498
1408 1498
185 1499
354 1499
556 1499
763 1499
1112 1499
1177 1499
1194 1499
1258 1499
1267 1499
37 1500
134 1500
141 1500
208 1500
221 1500
335 1500
355 1500
424 1500
493 1500
988 1500
1067 1500
1415 1500
1420 1500
165 1501
222 1501
290 1501
408 1501
620 1501
662 1501
728 1501
776 1501
1024 1501
1027 1501
1291 1501
1315 1501
1359 1501
252 1502
399 1502
414 1502
623 1502
971 1502
375 1503
598 1503
610 1503
618 1503
669 1503
856 1503
974 1503
1014 1503
1046 1503
1052 1503
1389 1503
1468 1503
56 1504
186 1504
301 1504
386 1504
696 1504
951 1504
1366 1504
144 1505
753 1505
882 1505
282 1506
363 1506
616 1506
664 1506
735 1506
756 1506
757 1506
911 1506
1048 1506
1289 1506
144 1507
209 1507
215 1507
281 1507
756 1507
891 1507
1145 1507
1391 1507
1407 1507
160 1508
200 1508
302 1508
354 1508
360 1508
809 1508
81 1509
148 1509
431 1509
815 1509
1106 1509
1110 1509
1138 1509
116 1510
761 1510
1472 1510
99 1511
185 1511
511 1511
650 1511
890 1511
1199 1511
1387 1511
1447 1511
70 1512
151 1512
179 1512
277 1512
283 1512
392 1512
490 1512
496 1512
522 1512
670 1512
745 1512
765 1512
1508 1512
419 1513
453 1513
516 1513
623 1513
143 1514
230 1514
317 1514
369 1514
1040 1514
1109 1514
1410 1514
254 1515
1083 1515
1477 1515
1499 1515
18 1516
249 1516
606 1516
904 1516
1011 1516
1113 1516
1274 1516
136 1517
498 1517
965 1517
1216 1517
1277 1517
509 1518
912 1518
917 1518
1063 1518
1262 1518
70 1519
113 1519
192 1519
481 1519
604 1519
734 1519
742 1519
849 1519
1492 1519
182 1520
478 1520
544 1520
547 1520
721 1520
825 1520
1455 1520
108 1521
384 1521
642 1521
1134 1521
1280 1521
88 1522
420 1522
1095 1522
1144 1522
1248 1522
636 1523
1021 1523
1325 1523
1491 1523
77 1524
132 1524
258 1524
1037 1524
227 1525
470 1525
664 1525
694 1525
892 1525
1059 1525
1154 1525
532 1526
557 1526
615 1526
651 1526
1064 1526
1106 1526
1108 1526
1163 1526
1196 1526
111 1527
512 1527
1164 1527
1300 1527
1444 1527
667 1528
773 1528
806 1528
916 1528
950 1528
1322 1528
1397 1528
139 1529
475 1529
874 1529
1173 1529
1187 1529
1220 1529
1503 1529
166 1530
493 1530
561 1530
687 1530
744 1530
897 1530
968 1530
1029 1530
1141 1530
1171 1530
1453 1530
1466 1530
124 1531
628 1531
651 1531
750 1531
776 1531
957 1531
1048 1531
1079 1531
1101 1531
1268 1531
53 1532
59 1532
175 1532
415 1532
442 1532
560 1532
943 1532
1064 1532
1076 1532
1192 1532
452 1533
462 1533
560 1533
1527 1533
169 1534
188 1534
269 1534
921 1534
1026 1534
1343 1534
1488 1534
98 1535
309 1535
331 1535
362 1535
499 1535
583 1535
587 1535
819 1535
1088 1535
1146 1535
1290 1535
1501 1535
158 1536
329 1536
373 1536
504 1536
533 1536
719 1536
1035 1536
1518 1536
11 1537
70 1537
642 1537
745 1537
1111 1537
1220 1537
322 1538
459 1538
716 1538
722 1538
1081 1538
1144 1538
1458 1538
251 1539
313 1539
379 1539
457 1539
478 1539
746 1539
796 1539
1087 1539
1235 1539
149 1540
260 1540
294 1540
298 1540
418 1540
544 1540
564 1540
656 1540
724 1540
807 1540
820 1540
973 1540
1048 1540
1222 1540
1238 1540
1353 1540
1496 1540
160 1541
226 1541
347 1541
576 1541
720 1541
1150 1541
689 1542
775 1542
904 1542
946 1542
1003 1542
1226 1542
1357 1542
1385 1542
1428 1542
282 1543
356 1543
1283 1543
1486 1543
1535 1543
5 1544
494 1544
749 1544
1104 1544
1318 1544
1464 1544
1487 1544
1504 1544
115 1545
269 1545
592 1545
739 1545
1179 1545
1298 1545
1476 1545
63 1546
384 1546
612 1546
715 1546
934 1546
1136 1546
1172 1546
129 1547
430 1547
691 1547
959 1547
1136 1547
198 1548
460 1548
547 1548
586 1548
1048 1548
1150 1548
203 1549
333 1549
337 1549
1198 1549
67 1550
646 1550
668 1550
867 1550
1038 1550
1448 1550
1455 1550
80 1551
358 1551
1434 1551
140 1552
236 1552
246 1552
337 1552
543 1552
810 1552
950 1552
1114 1552
1369 1552
1522 1552
20 1553
94 1553
120 1553
303 1553
461 1553
577 1553
876 1553
1059 1553
1273 1553
1369 1553
1382 1553
1442 1553
29 1554
144 1554
315 1554
538 1554
875 1554
997 1554
1030 1554
1408 1554
191 1555
384 1555
1021 1555
1524 1555
1540 1555
54 1556
735 1556
1038 1556
1061 1556
1111 1556
1160 1556
1451 1556
169 1557
233 1557
700 1557
777 1557
886 1557
1152 1557
1216 1557
1524 1557
17 1558
49 1558
106 1558
637 1558
994 1558
1060 1558
1373 1558
16 1559
209 1559
393 1559
420 1559
431 1559
508 1559
950 1559
1003 1559
1384 1559
38 1560
261 1560
315 1560
548 1560
1025 1560
1094 1560
1268 1560
1412 1560
242 1561
590 1561
689 1561
968 1561
1108 1561
286 1562
330 1562
381 1562
532 1562
536 1562
587 1562
825 1562
963 1562
1093 1562
1132 1562
1320 1562
1522 1562
126 1563
365 1563
770 1563
775 1563
1356 1563
214 1564
371 1564
479 1564
535 1564
854 1564
933 1564
1262 1564
1445 1564
82 1565
354 1565
592 1565
769 1565
776 1565
876 1565
1299 1565
1316 1565
46 1566
271 1566
851 1566
1038 1566
1450 1566
245 1567
365 1567
454 1567
554 1567
811 1567
1126 1567
1331 1567
116 1568
499 1568
1075 1568
1141 1568
1173 1568
1434 1568
1560 1568
207 1569
602 1569
625 1569
934 1569
1104 1569
1313 1569
1401 1569
79 1570
461 1570
634 1570
841 1570
871 1570
914 1570
923 1570
1047 1570
1087 1570
83 1571
475 1571
856 1571
999 1571
1310 1571
1413 1571
195 1572
487 1572
980 1572
1024 1572
1120 1572
1550 1572
1566 1572
216 1573
301 1573
436 1573
607 1573
877 1573
879 1573
924 1573
1420 1573
81 1574
106 1574
126 1574
214 1574
243 1574
344 1574
435 1574
572 1574
617 1574
756 1574
816 1574
1012 1574
1311 1574
147 1575
251 1575
296 1575
464 1575
518 1575
1019 1575
260 1576
275 1576
486 1576
1102 1576
1269 1576
121 1577
267 1577
465 1577
548 1577
578 1577
867 1577
921 1577
975 1577
1324 1577
1336 1577
1363 1577
1372 1577
101 1578
126 1578
576 1578
601 1578
777 1578
864 1578
952 1578
1127 1578
1335 1578
1373 1578
1395 1578
159 1579
396 1579
511 1579
512 1579
653 1579
1287 1579
1293 1579
1474 1579
146 1580
154 1580
199 1580
200 1580
364 1580
372 1580
540 1580
564 1580
595 1580
867 1580
1306 1580
1359 1580
894 1581
1057 1581
1066 1581
1169 1581
1199 1581
1376 1581
1378 1581
1469 1581
1477 1581
47 1582
90 1582
127 1582
381 1582
429 1582
681 1582
880 1582
105 1583
135 1583
227 1583
250 1583
377 1583
626 1583
866 1583
1294 1583
1454 1583
1527 1583
5 1584
125 1584
151 1584
736 1584
895 1584
930 1584
504 1585
561 1585
775 1585
1041 1585
1150 1585
1156 1585
1420 1585
54 1586
860 1586
933 1586
1045 1586
1170 1586
1442 1586
158 1587
193 1587
258 1587
313 1587
832 1587
911 1587
983 1587
1263 1587
1379 1587
203 1588
292 1588
353 1588
455 1588
897 1588
210 1589
325 1589
508 1589
629 1589
834 1589
1165 1589
1238 1589
1513 1589
1575 1589
700 1590
798 1590
799 1590
1190 1590
1251 1590
1291 1590
84 1591
346 1591
596 1591
614 1591
659 1591
781 1591
1158 1591
1450 1591
252 1592
419 1592
655 1592
879 1592
1570 1592
107 1593
349 1593
416 1593
425 1593
480 1593
1229 1593
1241 1593
1363 1593
1392 1593
118 1594
228 1594
233 1594
464 1594
548 1594
605 1594
769 1594
953 1594
1139 1594
1314 1594
24 1595
294 1595
338 1595
595 1595
853 1595
899 1595
916 1595
922 1595
1036 1595
1087 1595
1235 1595
1315 1595
1511 1595
148 1596
565 1596
649 1596
726 1596
1107 1596
1364 1596
1426 1596
1532 1596
296 1597
674 1597
675 1597
1501 1597
326 1598
424 1598
535 1598
545 1598
862 1598
875 1598
1018 1598
1414 1598
538 1599
848 1599
1348 1599
430 1600
981 1600
1187 1600
1435 1600
248 1601
450 1601
663 1601
681 1601
807 1601
1024 1601
1202 1601
1222 1601
103 1602
135 1602
323 1602
390 1602
528 1602
551 1602
597 1602
1346 1602
1495 1602
1498 1602
137 1603
365 1603
766 1603
1140 1603
1292 1603
1415 1603
88 1604
341 1604
361 1604
414 1604
975 1604
1192 1604
1225 1604
1344 1604
320 1605
716 1605
762 1605
867 1605
984 1605
1161 1605
159 1606
278 1606
392 1606
479 1606
621 1606
683 1606
1118 1606
1204 1606
1330 1606
1517 1606
123 1607
200 1607
201 1607
442 1607
706 1607
917 1607
971 1607
1516 1607
93 1608
125 1608
416 1608
534 1608
576 1608
682 1608
1225 1608
1503 1608
63 1609
69 1609
272 1609
461 1609
1005 1609
1085 1609
1089 1609
1160 1609
1405 1609
1412 1609
211 1610
474 1610
885 1610
1263 1610
1300 1610
1576 1610
54 1611
261 1611
420 1611
668 1611
830 1611
933 1611
1546 1611
96 1612
113 1612
255 1612
294 1612
342 1612
537 1612
597 1612
766 1612
1022 1612
1489 1612
182 1613
786 1613
870 1613
1240 1613
170 1614
419 1614
629 1614
690 1614
692 1614
938 1614
1601 1614
674 1615
737 1615
1085 1615
1130 1615
1273 1615
1472 1615
1543 1615
266 1616
268 1616
337 1616
647 1616
677 1616
817 1616
1546 1616
1615 1616
225 1617
404 1617
714 1617
780 1617
851 1617
970 1617
1116 1617
1208 1617
1493 1617
1596 1617
6 1618
132 1618
191 1618
252 1618
450 1618
1154 1618
1270 1618
1378 1618
1493 1618
33 1619
81 1619
156 1619
412 1619
417 1619
607 1619
960 1619
1071 1619
1188 1619
1353 1619
1401 1619
642 1620
924 1620
1027 1620
1079 1620
1330 1620
0 1621
86 1621
446 1621
608 1621
676 1621
1339 1621
1405 1621
1579 1621
1596 1621
275 1622
296 1622
573 1622
631 1622
636 1622
1003 1622
1017 1622
1328 1622
72 1623
405 1623
417 1623
700 1623
965 1623
1060 1623
135 1624
406 1624
674 1624
1103 1624
1178 1624
1352 1624
353 1625
1286 1625
1291 1625
1436 1625
72 1626
177 1626
530 1626
592 1626
1064 1626
1173 1626
1202 1626
1214 1626
1345 1626
1431 1626
15 1627
346 1627
474 1627
476 1627
512 1627
556 1627
716 1627
200 1628
203 1628
262 1628
324 1628
355 1628
591 1628
828 1628
911 1628
1115 1628
1553 1628
29 1629
297 1629
835 1629
1117 1629
1131 1629
1497 1629
97 1630
613 1630
1052 1630
1419 1630
81 1631
96 1631
472 1631
495 1631
656 1631
1230 1631
1231 1631
1587 1631
1614 1631
79 1632
102 1632
115 1632
155 1632
157 1632
379 1632
395 1632
473 1632
1339 1632
28 1633
309 1633
479 1633
534 1633
715 1633
207 1634
273 1634
283 1634
545 1634
567 1634
597 1634
630 1634
639 1634
982 1634
1106 1634
1424 1634
609 1635
694 1635
818 1635
965 1635
980 1635
1037 1635
1074 1635
1428 1635
217 1636
225 1636
366 1636
1169 1636
1225 1636
1339 1636
1368 1636
1474 1636
261 1637
521 1637
696 1637
1338 1637
1461 1637
85 1638
201 1638
424 1638
1222 1638
1241 1638
1268 1638
1286 1638
1293 1638
31 1639
167 1639
582 1639
651 1639
1282 1639
1353 1639
1550 1639
406 1640
478 1640
547 1640
594 1640
1189 1640
1421 1640
160 1641
282 1641
362 1641
589 1641
830 1641
924 1641
944 1641
1075 1641
1347 1641
1362 1641
29 1642
469 1642
737 1642
1410 1642
56 1643
303 1643
326 1643
470 1643
524 1643
973 1643
1141 1643
128 1644
283 1644
354 1644
399 1644
433 1644
485 1644
892 1644
1195 1644
1580 1644
212 1645
450 1645
604 1645
1063 1645
1308 1645
1515 1645
1636 1645
34 1646
157 1646
474 1646
594 1646
820 1646
1099 1646
1113 1646
1251 1646
1355 1646
85 1647
237 1647
345 1647
372 1647
491 1647
718 1647
915 1647
1544 1647
1555 1647
1628 1647
24 1648
206 1648
210 1648
240 1648
286 1648
647 1648
856 1648
906 1648
971 1648
1101 1648
1167 1648
1203 1648
1416 1648
1569 1648
1610 1648
1622 1648
225 1649
739 1649
762 1649
838 1649
1588 1649
1614 1649
145 1650
210 1650
292 1650
359 1650
657 1650
763 1650
1008 1650
1018 1650
1027 1650
1046 1650
1167 1650
1242 1650
1519 1650
3 1651
79 1651
107 1651
177 1651
211 1651
754 1651
894 1651
1068 1651
1221 1651
1610 1651
443 1652
679 1652
771 1652
837 1652
891 1652
1037 1652
1046 1652
1124 1652
1524 1652
322 1653
677 1653
882 1653
1012 1653
1068 1653
1263 1653
1471 1653
42 1654
99 1654
201 1654
1163 1654
1191 1654
1305 1654
1322 1654
1554 1654
1645 1654
40 1655
86 1655
250 1655
321 1655
931 1655
1029 1655
1180 1655
1626 1655
34 1656
96 1656
384 1656
721 1656
1186 1656
1258 1656
1325 1656
144 1657
747 1657
873 1657
890 1657
1234 1657
1244 1657
23 1658
348 1658
830 1658
842 1658
854 1658
1357 1658
1371 1658
151 1659
802 1659
1042 1659
1569 1659
161 1660
613 1660
761 1660
1165 1660
1331 1660
42 1661
213 1661
391 1661
595 1661
604 1661
724 1661
916 1661
1129 1661
1428 1661
1505 1661
1534 1661
53 1662
240 1662
382 1662
394 1662
699 1662
739 1662
917 1662
942 1662
954 1662
1094 1662
1322 1662
1637 1662
229 1663
327 1663
381 1663
486 1663
558 1663
785 1663
1180 1663
1398 1663
1403 1663
1407 1663
1455 1663
122 1664
548 1664
712 1664
1117 1664
1602 1664
87 1665
963 1665
1076 1665
1092 1665
1120 1665
1235 1665
1596 1665
1603 1665
60 1666
125 1666
294 1666
584 1666
670 1666
936 1666
1017 1666
1031 1666
1034 1666
1195 1666
1203 1666
1234 1666
1364 1666
1493 1666
182 1667
198 1667
310 1667
418 1667
548 1667
737 1667
810 1667
821 1667
883 1667
1255 1667
1279 1667
1529 1667
400 1668
653 1668
753 1668
1349 1668
191 1669
783 1669
965 1669
981 1669
1108 1669
430 1670
760 1670
974 1670
1097 1670
1296 1670
1413 1670
1639 1670
6 1671
115 1671
127 1671
156 1671
229 1671
261 1671
408 1671
624 1671
666 1671
709 1671
805 1671
851 1671
1260 1671
1345 1671
1450 1671
1478 1671
1633 1671
222 1672
759 1672
972 1672
1385 1672
49 1673
228 1673
613 1673
921 1673
1116 1673
1265 1673
1335 1673
1438 1673
304 1674
337 1674
436 1674
444 1674
525 1674
1345 1674
393 1675
510 1675
835 1675
1023 1675
1033 1675
1102 1675
1112 1675
1340 1675
1383 1675
1487 1675
208 1676
243 1676
411 1676
433 1676
504 1676
804 1676
859 1676
1196 1676
1397 1676
1456 1676
202 1677
464 1677
594 1677
1012 1677
1347 1677
1594 1677
590 1678
714 1678
1227 1678
1586 1678
12 1679
42 1679
169 1679
256 1679
621 1679
645 1679
652 1679
743 1679
788 1679
875 1679
933 1679
1007 1679
1149 1679
1294 1679
248 1680
375 1680
590 1680
797 1680
1062 1680
1170 1680
1174 1680
1283 1680
1547 1680
1651 1680
124 1681
247 1681
357 1681
457 1681
878 1681
1061 1681
1486 1681
193 1682
258 1682
293 1682
502 1682
815 1682
1170 1682
1275 1682
121 1683
720 1683
787 1683
1029 1683
1472 1683
7 1684
338 1684
611 1684
662 1684
1247 1684
45 1685
479 1685
773 1685
876 1685
1413 1685
1459 1685
1551 1685
1580 1685
1598 1685
1683 1685
11 1686
15 1686
119 1686
322 1686
445 1686
853 1686
867 1686
1447 1686
1598 1686
1621 1686
4 1687
135 1687
210 1687
931 1687
96 1688
293 1688
563 1688
640 1688
799 1688
951 1688
1259 1688
1427 1688
1554 1688
1574 1688
115 1689
124 1689
264 1689
400 1689
785 1689
839 1689
1176 1689
257 1690
374 1690
546 1690
1086 1690
1647 1690
163 1691
569 1691
665 1691
770 1691
882 1691
1179 1691
1408 1691
147 1692
249 1692
266 1692
690 1692
962 1692
1166 1692
1387 1692
1431 1692
1528 1692
1678 1692
119 1693
217 1693
253 1693
533 1693
536 1693
593 1693
603 1693
688 1693
728 1693
1062 1693
1497 1693
186 1694
408 1694
500 1694
810 1694
952 1694
989 1694
1265 1694
1313 1694
1406 1694
1480 1694
1611 1694
1625 1694
653 1695
669 1695
1080 1695
1341 1695
69 1696
483 1696
987 1696
1074 1696
1105 1696
1275 1696
1534 1696
468 1697
702 1697
1011 1697
1211 1697
1515 1697
1525 1697
134 1698
642 1698
1326 1698
1338 1698
1380 1698
1528 1698
14 1699
29 1699
127 1699
408 1699
632 1699
1461 1699
1584 1699
1677 1699
4 1700
311 1700
602 1700
692 1700
783 1700
1112 1700
1299 1700
1427 1700
1579 1700
375 1701
994 1701
1513 1701
1598 1701
260 1702
1086 1702
1158 1702
1528 1702
1568 1702
1666 1702
6 1703
37 1703
174 1703
1187 1703
1361 1703
1405 1703
1446 1703
1630 1703
130 1704
271 1704
334 1704
338 1704
423 1704
672 1704
825 1704
921 1704
1310 1704
1545 1704
1563 1704
374 1705
467 1705
543 1705
561 1705
588 1705
797 1705
847 1705
849 1705
1231 1705
1512 1705
1641 1705
1703 1705
36 1706
91 1706
457 1706
562 1706
857 1706
1254 1706
1274 1706
1326 1706
1512 1706
1570 1706
334 1707
473 1707
930 1707
1037 1707
1217 1707
1289 1707
1664 1707
1706 1707
50 1708
210 1708
262 1708
473 1708
541 1708
624 1708
900 1708
1124 1708
1281 1708
1494 1708
38 1709
94 1709
328 1709
359 1709
749 1709
798 1709
802 1709
886 1709
1482 1709
1537 1709
27 1710
278 1710
398 1710
620 1710
689 1710
1012 1710
1140 1710
1273 1710
1289 1710
1305 1710
1382 1710
1558 1710
207 1711
416 1711
424 1711
666 1711
709 1711
721 1711
731 1711
880 1711
1044 1711
1186 1711
1396 1711
268 1712
487 1712
488 1712
954 1712
1585 1712
1654 1712
71 1713
695 1713
697 1713
713 1713
717 1713
981 1713
1077 1713
131 1714
257 1714
360 1714
597 1714
677 1714
1095 1714
1145 1714
1273 1714
270 1715
314 1715
468 1715
597 1715
764 1715
824 1715
888 1715
906 1715
1113 1715
1115 1715
1141 1715
1183 1715
1317 1715
1466 1715
1495 1715
1603 1715
1681 1715
14 1716
16 1716
40 1716
388 1716
477 1716
499 1716
862 1716
1028 1716
1197 1716
1228 1716
1351 1716
1526 1716
1604 1716
38 1717
623 1717
744 1717
1041 1717
1320 1717
1389 1717
1559 1717
1638 1717
407 1718
524 1718
600 1718
1035 1718
1077 1718
1083 1718
1094 1718
1543 1718
1683 1718
41 1719
119 1719
166 1719
294 1719
295 1719
688 1719
817 1719
940 1719
1404 1719
1421 1719
1662 1719
113 1720
254 1720
289 1720
602 1720
614 1720
979 1720
983 1720
1248 1720
1483 1720
1593 1720
1596 1720
1609 1720
1610 1720
1677 1720
52 1721
340 1721
388 1721
484 1721
687 1721
711 1721
808 1721
1277 1721
45 1722
50 1722
80 1722
491 1722
1080 1722
1321 1722
1336 1722
9 1723
32 1723
533 1723
722 1723
811 1723
874 1723
950 1723
1212 1723
1469 1723
1600 1723
1721 1723
188 1724
270 1724
375 1724
407 1724
608 1724
774 1724
782 1724
797 1724
982 1724
1380 1724
1672 1724
1699 1724
42 1725
323 1725
403 1725
822 1725
861 1725
944 1725
1039 1725
1040 1725
1062 1725
1140 1725
1376 1725
103 1726
156 1726
187 1726
189 1726
192 1726
225 1726
465 1726
483 1726
1042 1726
1194 1726
1217 1726
805 1727
864 1727
865 1727
1139 1727
1463 1727
1597 1727
1707 1727
116 1728
469 1728
475 1728
481 1728
584 1728
586 1728
930 1728
962 1728
1172 1728
1486 1728
329 1729
503 1729
576 1729
1259 1729
1454 1729
1713 1729
1728 1729
85 1730
223 1730
330 1730
563 1730
664 1730
1187 1730
1479 1730
1571 1730
1611 1730
1676 1730
339 1731
690 1731
772 1731
856 1731
29 1732
36 1732
413 1732
1269 1732
1440 1732
1632 1732
114 1733
176 1733
204 1733
561 1733
618 1733
662 1733
904 1733
998 1733
1071 1733
1124 1733
1664 1733
127 1734
632 1734
722 1734
726 1734
727 1734
757 1734
974 1734
1052 1734
1169 1734
1364 1734
1397 1734
1617 1734
707 1735
1071 1735
1309 1735
1395 1735
1474 1735
1476 1735
1706 1735
51 1736
80 1736
355 1736
399 1736
845 1736
1582 1736
1638 1736
105 1737
573 1737
698 1737
1088 1737
1414 1737
1431 1737
1469 1737
74 1738
115 1738
122 1738
293 1738
799 1738
1033 1738
1226 1738
1451 1738
1554 1738
1632 1738
503 1739
770 1739
818 1739
890 1739
944 1739
1553 1739
1675 1739
204 1740
538 1740
657 1740
793 1740
834 1740
943 1740
1039 1740
1124 1740
1257 1740
1540 1740
1717 1740
250 1741
307 1741
402 1741
952 1741
1541 1741
1695 1741
87 1742
257 1742
329 1742
563 1742
640 1742
820 1742
822 1742
1166 1742
1308 1742
1425 1742
1438 1742
1653 1742
161 1743
960 1743
1261 1743
1471 1743
1542 1743
279 1744
393 1744
619 1744
752 1744
790 1744
1000 1744
1114 1744
1116 1744
1149 1744
1320 1744
1478 1744
51 1745
104 1745
361 1745
565 1745
862 1745
968 1745
1110 1745
1504 1745
1611 1745
1718 1745
238 1746
506 1746
606 1746
732 1746
798 1746
834 1746
884 1746
1433 1746
1 1747
127 1747
268 1747
302 1747
536 1747
557 1747
561 1747
616 1747
1169 1747
1534 1747
852 1748
928 1748
1010 1748
1089 1748
1107 1748
1257 1748
1312 1748
1632 1748
1697 1748
574 1749
704 1749
741 1749
975 1749
985 1749
1052 1749
1068 1749
1357 1749
1477 1749
1540 1749
1574 1749
1614 1749
431 1750
446 1750
694 1750
852 1750
1000 1750
1015 1750
1039 1750
1194 1750
1227 1750
1417 1750
1481 1750
1567 1750
1663 1750
212 1751
349 1751
1082 1751
1489 1751
1494 1751
1546 1751
1652 1751
1688 1751
34 1752
66 1752
90 1752
385 1752
714 1752
1089 1752
1129 1752
1515 1752
1645 1752
1647 1752
47 1753
173 1753
442 1753
488 1753
653 1753
904 1753
1096 1753
1747 1753
189 1754
215 1754
471 1754
678 1754
705 1754
1437 1754
13 1755
80 1755
454 1755
465 1755
596 1755
815 1755
919 1755
1165 1755
1186 1755
1386 1755
1589 1755
1605 1755
148 1756
205 1756
626 1756
724 1756
140 1757
248 1757
419 1757
643 1757
786 1757
858 1757
897 1757
954 1757
988 1757
1031 1757
1521 1757
1588 1757
351 1758
922 1758
1006 1758
1184 1758
1231 1758
1406 1758
407 1759
465 1759
681 1759
835 1759
989 1759
1256 1759
1370 1759
1519 1759
1595 1759
1685 1759
142 1760
201 1760
300 1760
393 1760
1058 1760
1081 1760
1196 1760
1243 1760
1587 1760
68 1761
109 1761
397 1761
458 1761
657 1761
863 1761
909 1761
1076 1761
1158 1761
1205 1761
1307 1761
1602 1761
834 1762
1032 1762
1437 1762
1739 1762
1200 1763
369 1764
694 1764
1223 1764
1296 1764
1548 1764
373 1765
775 1765
886 1765
137 1766
199 1766
218 1766
439 1766
550 1766
879 1766
944 1766
1278 1766
1513 1766
354 1767
524 1767
658 1767
697 1767
1036 1767
1259 1767
1505 1767
1518 1767
1524 1767
1653 1767
88 1768
113 1768
135 1768
581 1768
715 1768
721 1768
773 1768
919 1768
1350 1768
1515 1768
1527 1768
1621 1768
1733 1768
581 1769
697 1769
949 1769
1257 1769
1701 1769
798 1770
1438 1770
1767 1770
51 1771
175 1771
282 1771
778 1771
1222 1771
1581 1771
37 1772
119 1772
423 1772
847 1772
1456 1772
1728 1772
274 1773
521 1773
688 1773
732 1773
824 1773
1203 1773
1254 1773
1521 1773
1551 1773
1569 1773
43 1774
197 1774
645 1774
687 1774
733 1774
1034 1774
1188 1774
1345 1774
1671 1774
1744 1774
5 1775
85 1775
103 1775
122 1775
257 1775
293 1775
665 1775
1175 1775
1555 1775
469 1776
773 1776
866 1776
925 1776
1160 1776
1231 1776
1491 1776
1493 1776
1742 1776
80 1777
361 1777
550 1777
603 1777
607 1777
889 1777
1010 1777
1355 1777
35 1778
320 1778
598 1778
633 1778
665 1778
883 1778
1631 1778
29 1779
423 1779
810 1779
868 1779
1084 1779
1459 1779
1742 1779
251 1780
651 1780
878 1780
1074 1780
1563 1780
1651 1780
304 1781
414 1781
469 1781
703 1781
1158 1781
217 1782
666 1782
917 1782
1581 1782
1633 1782
37 1783
199 1783
377 1783
456 1783
778 1783
1005 1783
1582 1783
1589 1783
1623 1783
1629 1783
32 1784
136 1784
418 1784
465 1784
553 1784
1056 1784
1111 1784
1276 1784
1393 1784
1678 1784
84 1785
546 1785
1459 1785
405 1786
709 1786
782 1786
1285 1786
1373 1786
1519 1786
1783 1786
78 1787
106 1787
182 1787
249 1787
304 1787
653 1787
656 1787
751 1787
1121 1787
1421 1787
170 1788
485 1788
822 1788
1115 1788
1547 1788
1551 1788
1625 1788
145 1789
213 1789
399 1789
458 1789
625 1789
1022 1789
1064 1789
1234 1789
1440 1789
1471 1789
1662 1789
144 1790
378 1790
409 1790
454 1790
559 1790
1012 1790
1015 1790
1309 1790
1382 1790
1733 1790
1737 1790
62 1791
488 1791
1111 1791
23 1792
265 1792
652 1792
832 1792
858 1792
902 1792
908 1792
1297 1792
1544 1792
86 1793
91 1793
108 1793
165 1793
224 1793
1027 1793
1030 1793
1365 1793
1522 1793
1713 1793
22 1794
121 1794
444 1794
695 1794
733 1794
861 1794
1143 1794
1355 1794
1356 1794
1476 1794
1640 1794
223 1795
1178 1795
1301 1795
1722 1795
1723 1795
54 1796
132 1796
338 1796
651 1796
981 1796
1258 1796
302 1797
424 1797
515 1797
1151 1797
1477 1797
1500 1797
164 1798
200 1798
1035 1798
1062 1798
1292 1798
1559 1798
1600 1798
1658 1798
1679 1798
227 1799
248 1799
405 1799
632 1799
788 1799
1113 1799
1404 1799
1523 1799
1658 1799
1674 1799
163 1800
191 1800
258 1800
431 1800
731 1800
795 1800
893 1800
979 1800
1051 1800
1054 1800
1289 1800
1362 1800
1571 1800
19 1801
424 1801
675 1801
1330 1801
1344 1801
1372 1801
1533 1801
1634 1801
1665 1801
108 1802
251 1802
579 1802
615 1802
806 1802
890 1802
1056 1802
1072 1802
1079 1802
1213 1802
1248 1802
1252 1802
1390 1802
1514 1802
1625 1802
1628 1802
1667 1802
105 1803
131 1803
358 1803
417 1803
458 1803
741 1803
768 1803
886 1803
984 1803
1054 1803
1148 1803
1475 1803
75 1804
122 1804
200 1804
362 1804
616 1804
803 1804
1053 1804
1191 1804
1367 1804
1376 1804
1494 1804
1612 1804
1676 1804
8 1805
23 1805
222 1805
227 1805
301 1805
351 1805
516 1805
806 1805
856 1805
1298 1805
1539 1805
1558 1805
182 1806
213 1806
405 1806
1029 1806
1700 1806
154 1807
387 1807
391 1807
512 1807
599 1807
678 1807
771 1807
974 1807
326 1808
856 1808
1044 1808
1056 1808
1167 1808
1172 1808
1276 1808
1387 1808
1619 1808
1672 1808
114 1809
825 1809
1009 1809
1165 1809
1202 1809
1216 1809
1507 1809
1569 1809
184 1810
465 1810
583 1810
673 1810
722 1810
723 1810
850 1810
952 1810
1298 1810
763 1811
906 1811
1082 1811
1116 1811
1662 1811
1672 1811
86 1812
255 1812
444 1812
663 1812
1262 1812
1286 1812
1690 1812
1740 1812
1759 1812
246 1813
273 1813
280 1813
293 1813
442 1813
569 1813
886 1813
919 1813
992 1813
1062 1813
1138 1813
1297 1813
1317 1813
1475 1813
1731 1813
357 1814
423 1814
1346 1814
1679 1814
41 1815
292 1815
484 1815
511 1815
599 1815
744 1815
774 1815
982 1815
1225 1815
1231 1815
1252 1815
1785 1815
1811 1815
968 1816
1398 1816
1554 1816
1614 1816
1659 1816
284 1817
391 1817
469 1817
519 1817
879 1817
1100 1817
1154 1817
1318 1817
1676 1817
1756 1817
51 1818
868 1818
1298 1818
1368 1818
1510 1818
1600 1818
23 1819
548 1819
1032 1819
1148 1819
1176 1819
1200 1819
1231 1819
1398 1819
1437 1819
1463 1819
1561 1819
2 1820
18 1820
112 1820
630 1820
760 1820
883 1820
1139 1820
1180 1820
1249 1820
1318 1820
1478 1820
1538 1820
1545 1820
1762 1820
14 1821
137 1821
292 1821
596 1821
876 1821
1276 1821
1457 1821
1471 1821
1512 1821
1544 1821
1715 1821
491 1822
1101 1822
1185 1822
1242 1822
1323 1822
1595 1822
1791 1822
66 1823
502 1823
597 1823
740 1823
754 1823
757 1823
837 1823
904 1823
1021 1823
1128 1823
1207 1823
1457 1823
1493 1823
1575 1823
1639 1823
247 1824
303 1824
498 1824
610 1824
616 1824
737 1824
1040 1824
1300 1824
1548 1824
1613 1824
374 1825
390 1825
462 1825
488 1825
599 1825
1263 1825
1462 1825
1570 1825
1698 1825
46 1826
100 1826
352 1826
668 1826
832 1826
874 1826
1255 1826
1295 1826
1558 1826
1643 1826
535 1827
593 1827
1483 1827
172 1828
461 1828
815 1828
877 1828
968 1828
1000 1828
1399 1828
1713 1828
1811 1828
598 1829
616 1829
621 1829
1155 1829
1256 1829
1336 1829
1588 1829
153 1830
1203 1830
1466 1830
1690 1830
1720 1830
157 1831
203 1831
441 1831
455 1831
1065 1831
1418 1831
1499 1831
1769 1831
1779 1831
422 1832
705 1832
876 1832
1078 1832
1212 1832
1661 1832
138 1833
147 1833
342 1833
359 1833
799 1833
966 1833
1349 1833
1390 1833
1599 1833
1662 1833
1773 1833
402 1834
577 1834
742 1834
868 1834
873 1834
1135 1834
1432 1834
1723 1834
10 1835
324 1835
329 1835
333 1835
652 1835
818 1835
910 1835
1004 1835
1211 1835
1273 1835
1334 1835
1360 1835
1513 1835
1516 1835
1563 1835
174 1836
541 1836
546 1836
617 1836
914 1836
1079 1836
1144 1836
1394 1836
1495 1836
1688 1836
246 1837
429 1837
451 1837
554 1837
978 1837
1287 1837
1625 1837
1791 1837
1830 1837
28 1838
482 1838
566 1838
906 1838
1054 1838
1085 1838
1165 1838
1263 1838
1604 1838
1726 1838
12 1839
94 1839
171 1839
406 1839
510 1839
525 1839
624 1839
661 1839
720 1839
863 1839
985 1839
995 1839
1074 1839
1231 1839
1500 1839
1676 1839
23 1840
201 1840
291 1840
695 1840
974 1840
1329 1840
389 1841
684 1841
1453 1841
1592 1841
1617 1841
1745 1841
104 1842
353 1842
445 1842
456 1842
510 1842
554 1842
812 1842
844 1842
997 1842
1035 1842
1097 1842
1114 1842
1164 1842
1549 1842
1589 1842
204 1843
484 1843
590 1843
675 1843
681 1843
1115 1843
1272 1843
1457 1843
1474 1843
1517 1843
1604 1843
1801 1843
1830 1843
168 1844
190 1844
1797 1844
91 1845
99 1845
127 1845
410 1845
443 1845
625 1845
869 1845
1020 1845
1310 1845
1567 1845
278 1846
347 1846
656 1846
712 1846
719 1846
779 1846
1102 1846
1129 1846
1289 1846
1551 1846
1698 1846
1823 1846
124 1847
135 1847
337 1847
388 1847
498 1847
710 1847
711 1847
759 1847
883 1847
1072 1847
1276 1847
1649 1847
231 1848
264 1848
471 1848
660 1848
1525 1848
1684 1848
1743 1848
22 1849
240 1849
252 1849
535 1849
834 1849
974 1849
984 1849
1100 1849
1530 1849
1590 1849
1645 1849
153 1850
863 1850
1494 1850
1530 1850
1647 1850
227 1851
516 1851
533 1851
627 1851
1059 1851
1388 1851
1491 1851
1493 1851
1726 1851
1800 1851
224 1852
333 1852
474 1852
499 1852
873 1852
1221 1852
1353 1852
1704 1852
1844 1852
52 1853
161 1853
399 1853
445 1853
467 1853
700 1853
1024 1853
1110 1853
1386 1853
1460 1853
1488 1853
1662 1853
99 1854
400 1854
560 1854
628 1854
879 1854
1053 1854
1100 1854
1268 1854
1303 1854
1824 1854
6 1855
461 1855
614 1855
632 1855
720 1855
1534 1855
1667 1855
1768 1855
178 1856
433 1856
492 1856
757 1856
819 1856
941 1856
1013 1856
1202 1856
1275 1856
1406 1856
1683 1856
324 1857
423 1857
502 1857
971 1857
1037 1857
1064 1857
1091 1857
1241 1857
1430 1857
120 1858
132 1858
221 1858
331 1858
426 1858
518 1858
624 1858
651 1858
973 1858
1144 1858
1237 1858
1265 1858
1319 1858
1747 1858
1779 1858
1849 1858
126 1859
570 1859
577 1859
630 1859
710 1859
745 1859
752 1859
765 1859
769 1859
802 1859
1084 1859
1114 1859
1183 1859
1217 1859
1218 1859
1279 1859
1376 1859
1406 1859
396 1860
851 1860
1146 1860
1211 1860
1316 1860
1565 1860
1694 1860
111 1861
252 1861
688 1861
815 1861
1125 1861
1511 1861
1825 1861
646 1862
927 1862
936 1862
948 1862
1304 1862
1774 1862
231 1863
506 1863
628 1863
714 1863
1171 1863
1221 1863
1266 1863
1348 1863
1563 1863
1642 1863
368 1864
565 1864
904 1864
912 1864
961 1864
1138 1864
1185 1864
1860 1864
98 1865
165 1865
225 1865
269 1865
287 1865
578 1865
682 1865
738 1865
779 1865
914 1865
949 1865
965 1865
1030 1865
1120 1865
1250 1865
1328 1865
1424 1865
1730 1865
82 1866
283 1866
316 1866
483 1866
495 1866
512 1866
539 1866
619 1866
830 1866
1184 1866
1402 1866
1474 1866
1558 1866
1625 1866
1682 1866
1761 1866
22 1867
122 1867
133 1867
302 1867
327 1867
1640 1867
1739 1867
191 1868
294 1868
432 1868
433 1868
1286 1868
1671 1868
1672 1868
1677 1868
177 1869
742 1869
1266 1869
1341 1869
1386 1869
1557 1869
1701 1869
1730 1869
1742 1869
38 1870
827 1870
1189 1870
1415 1870
1625 1870
1809 1870
1845 1870
554 1871
868 1871
1023 1871
1090 1871
1143 1871
1419 1871
1525 1871
1577 1871
105 1872
532 1872
722 1872
1048 1872
1258 1872
1352 1872
1565 1872
1679 1872
21 1873
32 1873
95 1873
253 1873
315 1873
357 1873
582 1873
1267 1873
1271 1873
1354 1873
1377 1873
1514 1873
1674 1873
330 1874
679 1874
1426 1874
1498 1874
132 1875
300 1875
340 1875
456 1875
782 1875
961 1875
1134 1875
1137 1875
1191 1875
1326 1875
1666 1875
1673 1875
1773 1875
1835 1875
103 1876
107 1876
187 1876
395 1876
526 1876
538 1876
765 1876
1207 1876
1309 1876
1321 1876
1334 1876
1487 1876
1621 1876
86 1877
106 1877
219 1877
222 1877
233 1877
419 1877
470 1877
586 1877
1153 1877
1487 1877
1705 1877
1741 1877
1804 1877
1846 1877
180 1878
431 1878
642 1878
697 1878
1075 1878
1398 1878
1400 1878
1415 1878
1661 1878
1831 1878
11 1879
407 1879
653 1879
98 1880
313 1880
325 1880
396 1880
832 1880
970 1880
1030 1880
1810 1880
117 1881
196 1881
410 1881
514 1881
638 1881
694 1881
977 1881
1554 1881
119 1882
425 1882
695 1882
704 1882
725 1882
860 1882
876 1882
1265 1882
1348 1882
1749 1882
1801 1882
8 1883
257 1883
474 1883
745 1883
1073 1883
1169 1883
1426 1883
1444 1883
1574 1883
1592 1883
1682 1883
1787 1883
1818 1883
315 1884
373 1884
502 1884
979 1884
983 1884
987 1884
1005 1884
1102 1884
1141 1884
1290 1884
1355 1884
1453 1884
1797 1884
96 1885
154 1885
500 1885
595 1885
746 1885
748 1885
1179 1885
1213 1885
1727 1885
1741 1885
81 1886
316 1886
368 1886
1504 1886
31 1887
109 1887
141 1887
527 1887
1378 1887
1693 1887
143 1888
459 1888
1106 1888
1615 1888
1730 1888
58 1889
102 1889
194 1889
236 1889
453 1889
556 1889
962 1889
980 1889
994 1889
1187 1889
1318 1889
1603 1889
1655 1889
1704 1889
1874 1889
198 1890
435 1890
470 1890
488 1890
583 1890
730 1890
818 1890
1038 1890
1089 1890
1195 1890
1740 1890
53 1891
85 1891
93 1891
217 1891
327 1891
335 1891
387 1891
581 1891
592 1891
932 1891
978 1891
1039 1891
1094 1891
1125 1891
1395 1891
1619 1891
1690 1891
1848 1891
30 1892
35 1892
635 1892
957 1892
983 1892
1011 1892
1223 1892
1718 1892
142 1893
169 1893
212 1893
270 1893
497 1893
646 1893
696 1893
767 1893
1061 1893
1109 1893
1134 1893
1257 1893
1709 1893
1867 1893
191 1894
539 1894
1191 1894
1284 1894
1453 1894
1464 1894
1535 1894
1827 1894
1860 1894
437 1895
526 1895
559 1895
699 1895
726 1895
1297 1895
1311 1895
34 1896
380 1896
534 1896
1082 1896
1102 1896
1151 1896
1201 1896
1788 1896
1831 1896
393 1897
463 1897
511 1897
681 1897
827 1897
1145 1897
1198 1897
1601 1897
1785 1897
1849 1897
296 1898
322 1898
459 1898
604 1898
1040 1898
1129 1898
1208 1898
1532 1898
728 1899
768 1899
883 1899
900 1899
1016 1899
1050 1899
1305 1899
1635 1899
1847 1899
284 1900
497 1900
743 1900
813 1900
1091 1900
1272 1900
1285 1900
1337 1900
1547 1900
1765 1900
32 1901
174 1901
361 1901
549 1901
1334 1901
1648 1901
1739 1901
278 1902
284 1902
383 1902
397 1902
1005 1902
1549 1902
22 1903
43 1903
148 1903
252 1903
1077 1903
1084 1903
1136 1903
1247 1903
1545 1903
1632 1903
690 1904
716 1904
1241 1904
1384 1904
1453 1904
79 1905
172 1905
464 1905
504 1905
760 1905
804 1905
805 1905
1220 1905
1333 1905
1533 1905
1585 1905
1609 1905
1641 1905
19 1906
69 1906
240 1906
261 1906
340 1906
348 1906
464 1906
929 1906
962 1906
1050 1906
1191 1906
1459 1906
1645 1906
418 1907
496 1907
645 1907
1101 1907
1333 1907
1356 1907
1405 1907
1433 1907
1447 1907
1895 1907
141 1908
550 1908
756 1908
921 1908
1029 1908
1196 1908
1385 1908
1478 1908
1508 1908
1696 1908
1713 1908
1742 1908
59 1909
126 1909
340 1909
954 1909
1055 1909
1341 1909
1684 1909
1707 1909
322 1910
438 1910
546 1910
601 1910
1437 1910
1610 1910
1841 1910
1858 1910
1866 1910
72 1911
235 1911
276 1911
397 1911
419 1911
488 1911
675 1911
685 1911
740 1911
747 1911
1540 1911
1676 1911
10 1912
27 1912
169 1912
767 1912
890 1912
1022 1912
1027 1912
1063 1912
1426 1912
1821 1912
1900 1912
184 1913
268 1913
296 1913
446 1913
513 1913
615 1913
618 1913
786 1913
829 1913
973 1913
1279 1913
1665 1913
1751 1913
1773 1913
1852 1913
1894 1913
58 1914
158 1914
244 1914
504 1914
733 1914
857 1914
886 1914
951 1914
972 1914
1121 1914
1490 1914
1743 1914
146 1915
200 1915
225 1915
459 1915
558 1915
666 1915
1676 1915
1868 1915
238 1916
314 1916
1090 1916
1234 1916
1276 1916
1280 1916
1318 1916
1380 1916
1596 1916
1831 1916
207 1917
639 1917
697 1917
784 1917
857 1917
6 1918
241 1918
620 1918
915 1918
1008 1918
1041 1918
1841 1918
294 1919
335 1919
450 1919
509 1919
901 1919
993 1919
1192 1919
1237 1919
1444 1919
1453 1919
1841 1919
288 1920
528 1920
979 1920
1127 1920
1434 1920
1457 1920
1538 1920
1583 1920
1613 1920
1704 1920
1754 1920
1883 1920
56 1921
86 1921
1848 1921
259 1922
898 1922
1067 1922
1309 1922
1441 1922
1699 1922
109 1923
219 1923
270 1923
393 1923
397 1923
488 1923
489 1923
500 1923
733 1923
809 1923
1199 1923
1230 1923
1294 1923
1353 1923
1674 1923
1676 1923
1735 1923
1781 1923
1879 1923
1904 1923
8 1924
389 1924
846 1924
1025 1924
1105 1924
1317 1924
1357 1924
1613 1924
1811 1924
124 1925
436 1925
472 1925
601 1925
830 1925
863 1925
1853 1925
1898 1925
1902 1925
19 1926
278 1926
871 1926
1170 1926
1652 1926
1790 1926
308 1927
725 1927
826 1927
927 1927
1127 1927
1198 1927
1228 1927
1443 1927
1538 1927
1547 1927
1787 1927
1800 1927
180 1928
399 1928
751 1928
858 1928
957 1928
1044 1928
1221 1928
1222 1928
1293 1928
1315 1928
1759 1928
1851 1928
1865 1928
21 1929
65 1929
144 1929
546 1929
915 1929
990 1929
1211 1929
1377 1929
1497 1929
1554 1929
1636 1929
1773 1929
676 1930
815 1930
1677 1930
1862 1930
1884 1930
15 1931
467 1931
530 1931
725 1931
835 1931
954 1931
1037 1931
1332 1931
1768 1931
162 1932
167 1932
193 1932
736 1932
1665 1932
1706 1932
1756 1932
156 1933
316 1933
448 1933
478 1933
512 1933
707 1933
839 1933
948 1933
980 1933
1206 1933
1338 1933
1488 1933
1602 1933
1719 1933
20 1934
441 1934
592 1934
1203 1934
1520 1934
1564 1934
1896 1934
122 1935
228 1935
461 1935
577 1935
607 1935
903 1935
1191 1935
1232 1935
1392 1935
1699 1935
1897 1935
198 1936
430 1936
456 1936
488 1936
568 1936
672 1936
719 1936
990 1936
1239 1936
1312 1936
1678 1936
82 1937
497 1937
873 1937
1110 1937
1127 1937
1203 1937
1250 1937
1341 1937
1446 1937
1617 1937
1819 1937
1914 1937
1920 1937
24 1938
381 1938
406 1938
469 1938
599 1938
625 1938
700 1938
946 1938
1038 1938
1077 1938
1283 1938
1494 1938
1805 1938
192 1939
362 1939
443 1939
500 1939
534 1939
604 1939
1112 1939
1541 1939
1638 1939
1746 1939
1920 1939
137 1940
244 1940
300 1940
541 1940
605 1940
792 1940
820 1940
959 1940
154 1941
423 1941
798 1941
969 1941
1091 1941
1198 1941
1351 1941
1469 1941
1671 1941
1700 1941
78 1942
211 1942
243 1942
293 1942
447 1942
528 1942
890 1942
907 1942
931 1942
1207 1942
1550 1942
1837 1942
1886 1942
194 1943
498 1943
501 1943
534 1943
784 1943
1061 1943
1108 1943
1353 1943
1585 1943
399 1944
1094 1944
1296 1944
430 1945
496 1945
1083 1945
1634 1945
1761 1945
201 1946
410 1946
791 1946
994 1946
1029 1946
1281 1946
1303 1946
1651 1946
1720 1946
215 1947
442 1947
813 1947
1307 1947
1490 1947
49 1948
338 1948
396 1948
682 1948
1116 1948
1162 1948
1184 1948
1296 1948
1345 1948
1468 1948
1512 1948
1564 1948
94 1949
377 1949
714 1949
746 1949
956 1949
1559 1949
1620 1949
1710 1949
1815 1949
1825 1949
1912 1949
109 1950
188 1950
399 1950
574 1950
598 1950
761 1950
775 1950
965 1950
1302 1950
1342 1950
1394 1950
1652 1950
1675 1950
1794 1950
64 1951
305 1951
361 1951
1260 1951
1401 1951
1447 1951
1474 1951
1489 1951
1574 1951
1869 1951
73 1952
75 1952
118 1952
301 1952
873 1952
968 1952
1436 1952
1545 1952
1556 1952
1738 1952
1785 1952
1794 1952
1927 1952
110 1953
179 1953
205 1953
410 1953
643 1953
730 1953
1106 1953
1217 1953
1417 1953
1484 1953
1898 1953
1927 1953
232 1954
371 1954
1244 1954
1513 1954
1545 1954
1916 1954
306 1955
425 1955
466 1955
1005 1955
1066 1955
1307 1955
1329 1955
1892 1955
312 1956
315 1956
479 1956
634 1956
650 1956
689 1956
779 1956
800 1956
1325 1956
1420 1956
1661 1956
86 1957
100 1957
174 1957
362 1957
445 1957
509 1957
578 1957
655 1957
706 1957
710 1957
794 1957
817 1957
1105 1957
1880 1957
471 1958
533 1958
534 1958
832 1958
900 1958
1356 1958
1515 1958
1840 1958
169 1959
1081 1959
1117 1959
1250 1959
1489 1959
1598 1959
1636 1959
364 1960
537 1960
901 1960
965 1960
1110 1960
1243 1960
1248 1960
1268 1960
1434 1960
1693 1960
1800 1960
160 1961
173 1961
507 1961
987 1961
1011 1961
1047 1961
1121 1961
1180 1961
1476 1961
1623 1961
1665 1961
216 1962
257 1962
285 1962
307 1962
352 1962
457 1962
1032 1962
1257 1962
1413 1962
1493 1962
1724 1962
117 1963
167 1963
331 1963
408 1963
818 1963
843 1963
1250 1963
1782 1963
1922 1963
172 1964
360 1964
765 1964
1091 1964
1634 1964
1642 1964
1741 1964
163 1965
613 1965
846 1965
1932 1965
161 1966
1048 1966
1186 1966
1196 1966
1227 1966
1342 1966
1433 1966
1508 1966
1512 1966
1574 1966
1680 1966
305 1967
369 1967
756 1967
804 1967
924 1967
986 1967
1381 1967
1483 1967
114 1968
1087 1968
1268 1968
1302 1968
1502 1968
140 1969
550 1969
662 1969
842 1969
1078 1969
1230 1969
1236 1969
1548 1969
1626 1969
1666 1969
509 1970
1016 1970
1130 1970
1155 1970
1307 1970
1662 1970
1852 1970
9 1971
56 1971
121 1971
401 1971
917 1971
1166 1971
1306 1971
1830 1971
57 1972
198 1972
337 1972
380 1972
472 1972
501 1972
546 1972
639 1972
721 1972
761 1972
785 1972
956 1972
1104 1972
1255 1972
1384 1972
42 1973
236 1973
338 1973
695 1973
1183 1973
1307 1973
1318 1973
1378 1973
1587 1973
1801 1973
138 1974
505 1974
573 1974
781 1974
783 1974
946 1974
1149 1974
1212 1974
1648 1974
12 1975
742 1975
776 1975
778 1975
1106 1975
1450 1975
1715 1975
1746 1975
33 1976
206 1976
436 1976
483 1976
653 1976
1036 1976
1317 1976
1504 1976
1572 1976
1773 1976
4 1977
543 1977
987 1977
1501 1977
1716 1977
170 1978
542 1978
652 1978
719 1978
756 1978
949 1978
1460 1978
1501 1978
1520 1978
1624 1978
1660 1978
1940 1978
209 1979
237 1979
620 1979
859 1979
1004 1979
1076 1979
1231 1979
1260 1979
1272 1979
1326 1979
1415 1979
1609 1979
1777 1979
234 1980
328 1980
340 1980
806 1980
838 1980
1215 1980
1617 1980
1816 1980
1853 1980
1870 1980
211 1981
578 1981
866 1981
1558 1981
159 1982
442 1982
877 1982
918 1982
1251 1982
1325 1982
1695 1982
1776 1982
144 1983
162 1983
251 1983
287 1983
498 1983
515 1983
1334 1983
1607 1983
1679 1983
1694 1983
1714 1983
1730 1983
1786 1983
1842 1983
1907 1983
143 1984
527 1984
1401 1984
1416 1984
1492 1984
1562 1984
1880 1984
49 1985
118 1985
170 1985
211 1985
288 1985
507 1985
1641 1985
1796 1985
221 1986
476 1986
643 1986
904 1986
1273 1986
1530 1986
1908 1986
1914 1986
25 1987
436 1987
664 1987
687 1987
781 1987
961 1987
1078 1987
1378 1987
1445 1987
1623 1987
1766 1987
1770 1987
1864 1987
1969 1987
66 1988
256 1988
386 1988
518 1988
811 1988
1231 1988
1636 1988
1678 1988
1809 1988
1953 1988
110 1989
327 1989
438 1989
514 1989
631 1989
827 1989
1007 1989
1042 1989
1159 1989
1207 1989
1322 1989
1375 1989
1380 1989
1452 1989
1947 1989
1952 1989
57 1990
149 1990
702 1990
1215 1990
1519 1990
1718 1990
1758 1990
1801 1990
1929 1990
1959 1990
223 1991
346 1991
421 1991
474 1991
553 1991
573 1991
992 1991
1269 1991
1360 1991
1670 1991
1671 1991
1910 1991
305 1992
558 1992
745 1992
808 1992
913 1992
1639 1992
1963 1992
1969 1992
108 1993
284 1993
363 1993
446 1993
507 1993
540 1993
763 1993
1044 1993
1576 1993
1804 1993
1906 1993
1931 1993
109 1994
235 1994
242 1994
284 1994
771 1994
798 1994
814 1994
870 1994
1470 1994
1845 1994
203 1995
259 1995
296 1995
436 1995
506 1995
615 1995
1069 1995
1094 1995
1213 1995
1245 1995
1678 1995
170 1996
231 1996
445 1996
571 1996
629 1996
660 1996
721 1996
753 1996
882 1996
895 1996
1666 1996
87 1997
120 1997
493 1997
564 1997
869 1997
1508 1997
1678 1997
1747 1997
1790 1997
110 1998
399 1998
737 1998
744 1998
814 1998
1275 1998
1364 1998
1474 1998
54 1999
306 1999
949 1999
997 1999
1102 1999
1119 1999
1354 1999
1506 1999
1712 1999
1716 1999
1726 1999
